4 -2635023918.969839 0.04 0.1 0.2 0.02 3.46945e-18 0.12 -0.587785 0.809017 -4.9538e-17 -3.59915e-17
4 -2648713692.754029 0.04 0.1 0.2 -0.02 -5.91874e-18 0.12 0.809017 0.587785 3.59915e-17 -4.9538e-17
4 -2648864945.313803 0.04 0.1 0.2 0.02 -1.81652e-17 -0.12 -7.19829e-17 9.9076e-17 0.809017 0.587785
4 -2645983072.925965 0.04 0.1 0.2 -0.02 3.46945e-18 -0.12 8.55294e-17 -1.35465e-17 -0.587785 0.809017
4 -633003623.9360136 0.04 0.1 0.2 0.016 -0.07000000000000001 6.93889e-18 -0.572061 0.415627 0.415627 0.572062
4 -625525748.8445795 0.04 0.1 0.2 -0.016 0.07000000000000001 6.93889e-18 -0.415627 -0.572061 0.572062 -0.415627
4 -633926397.1224337 0.04 0.1 0.2 0.016 0.07000000000000001 -1.55114e-17 0.572062 -0.415627 0.415627 0.572061
4 -656478478.7252431 0.04 0.1 0.2 -0.016 -0.07000000000000001 -8.898319999999999e-18 0.415627 0.572062 0.572061 -0.415627
4 -1280429161.192091 0.04 0.1 0.2 0.016 0.07000000000000001 0.06 0.572061 -0.415627 0.415627 0.572062
4 -905610466.468178 0.04 0.1 0.2 -0.016 -0.07000000000000001 0.06 0.415627 0.572061 0.572062 -0.415627
4 -1279026954.623286 0.04 0.1 0.2 0.016 -0.07000000000000001 -0.06 -0.572062 0.415627 0.415627 0.572061
4 -1258626149.988098 0.04 0.1 0.2 -0.016 0.07000000000000001 -0.06 0.415627 0.572062 -0.572061 0.415627
4 -13690621.056109 0.04 0.1 0.2 -0.02 -0.03 0.12 0.309017 0.951057 -5.82354e-17 1.89218e-17
4 -13258993.2982618 0.04 0.1 0.2 0.02 0.03 0.12 0.951057 -0.309017 -1.89218e-17 -5.82354e-17
4 -13419142.51753625 0.04 0.1 0.2 -0.02 0.03 -0.12 3.78436e-17 1.16471e-16 0.951057 -0.309017
4 -13681628.69012139 0.04 0.1 0.2 0.02 -0.03 -0.12 3.93136e-17 -7.71573e-17 0.309017 0.951057
4 13645353.43803611 0.04 0.1 0.2 0.02 0.03 0.12 0.951057 -0.309017 -3.78436e-17 5.82354e-17
4 13212489.74342141 0.04 0.1 0.2 -0.02 -0.03 0.12 0.309017 0.951057 5.82354e-17 3.78436e-17
4 13220015.77684275 0.04 0.1 0.2 0.02 -0.03 -0.12 -1.16471e-16 -1.89218e-17 0.309017 0.951057
4 13483758.35910269 0.04 0.1 0.2 -0.02 0.03 -0.12 -2.03919e-17 -3.93136e-17 0.951057 -0.309017
4 -421993832.6534325 0.04 0.1 0.2 -0.008 -0.02 0.12 0.587785 0.809017 -4.9538e-17 3.59915e-17
4 -422683936.0448731 0.04 0.1 0.2 0.008 0.02 0.12 0.809017 -0.587785 -3.59915e-17 -4.9538e-17
4 -422137665.6388761 0.04 0.1 0.2 -0.008 0.02 -0.12 -7.19829e-17 -9.9076e-17 -0.809017 0.587785
4 -422019704.1779821 0.04 0.1 0.2 0.008 -0.02 -0.12 1.35465e-17 -8.55295e-17 0.587785 0.809017
4 -376113759.0470797 0.04 0.1 0.2 -0.008 -0.01 0.12 0.587785 0.809017 -4.9538e-17 3.59915e-17
4 -378515435.9291382 0.04 0.1 0.2 0.008 0.01 0.12 0.809017 -0.587785 -3.59915e-17 -4.9538e-17
4 -375701267.8253231 0.04 0.1 0.2 -0.008 0.01 -0.12 -7.19829e-17 -9.9076e-17 -0.809017 0.587785
4 -376165264.5208256 0.04 0.1 0.2 0.008 -0.01 -0.12 1.35465e-17 -8.55295e-17 0.587785 0.809017
4 -269738498.9073778 0.04 0.1 0.2 0.008 -0.05 0.12 0.309017 0.951057 -5.82354e-17 1.89218e-17
4 -270366229.9655064 0.04 0.1 0.2 -0.008 0.05 0.12 0.951057 -0.309017 -1.89218e-17 -5.82354e-17
4 -269300520.1097065 0.04 0.1 0.2 0.008 0.05 -0.12 3.78436e-17 1.16471e-16 0.951057 -0.309017
4 -269975344.6552024 0.04 0.1 0.2 -0.008 -0.05 -0.12 3.93136e-17 -7.71573e-17 0.309017 0.951057
4 -153314135.6440371 0.04 0.1 0.2 -0.004 -0.04 0.12 0.587785 0.809017 -4.9538e-17 3.59915e-17
4 -150529554.8534797 0.04 0.1 0.2 0.004 0.04 0.12 0.809017 -0.587785 -3.59915e-17 -4.9538e-17
4 -152575790.8625566 0.04 0.1 0.2 -0.004 0.04 -0.12 -7.19829e-17 -9.9076e-17 -0.809017 0.587785
4 -153622957.5898995 0.04 0.1 0.2 0.004 -0.04 -0.12 1.35465e-17 -8.55295e-17 0.587785 0.809017
4 -403686876.6923227 0.04 0.1 0.2 -0.012 3.46945e-18 0.12 0.587785 0.809017 -4.9538e-17 3.59915e-17
4 -407136079.4392334 0.04 0.1 0.2 0.012 -1.99987e-18 0.12 0.809017 -0.587785 -3.59915e-17 -4.9538e-17
4 -406124043.6633547 0.04 0.1 0.2 -0.012 -1.81652e-17 -0.12 -7.19829e-17 -9.9076e-17 -0.809017 0.587785
4 -403740802.923687 0.04 0.1 0.2 0.012 3.46945e-18 -0.12 1.35465e-17 -8.55295e-17 0.587785 0.809017
4 -298170046.4776744 0.04 0.1 0.2 0.008 3.46945e-18 0.12 0.809017 -0.587785 -7.19829e-17 4.9538e-17
4 -295659888.1344341 0.04 0.1 0.2 -0.008 -4.44917e-18 0.12 0.587785 0.809017 4.9538e-17 7.19829e-17
4 -295685249.2713668 0.04 0.1 0.2 0.008 -1.81652e-17 -0.12 -9.9076e-17 -3.59914e-17 0.587785 0.809017
4 -294226780.4349134 0.04 0.1 0.2 -0.008 3.46945e-18 -0.12 -2.24449e-17 1.35465e-17 -0.809017 0.587785
4 -345057434.7201074 0.04 0.1 0.2 0.008 0.01 0.12 0.809017 -0.587785 -7.19829e-17 4.9538e-17
4 -342651149.5119748 0.04 0.1 0.2 -0.008 -0.01 0.12 0.587785 0.809017 4.9538e-17 7.19829e-17
4 -342706674.1599914 0.04 0.1 0.2 0.008 -0.01 -0.12 -9.9076e-17 -3.59914e-17 0.587785 0.809017
4 -342241461.5371462 0.04 0.1 0.2 -0.008 0.01 -0.12 -2.24449e-17 1.35465e-17 -0.809017 0.587785
4 16166769.25456058 0.04 0.1 0.2 -0.04 -0.05 -0.04 -0.218508 0.672498 -0.218508 0.672499
4 174226.273624097 0.04 0.1 0.2 0.04 0.05 -0.04 -0.672498 -0.218508 0.672499 0.218508
4 24072124.63317053 0.04 0.1 0.2 -0.04 0.05 0.04 0.672499 0.218508 0.672498 0.218508
4 10834913.55152991 0.04 0.1 0.2 0.04 -0.05 0.04 0.218508 -0.672499 -0.218508 0.672498
4 8939573.884785607 0.04 0.1 0.2 0.04 -0.05 -0.02 0 -0.707107 0 0.707106
4 21968908.30589684 0.04 0.1 0.2 -0.04 0.05 -0.02 0.707107 4.32978e-17 0.707106 -4.32977e-17
4 997751.5520001401 0.04 0.1 0.2 0.04 0.05 0.02 -0.707106 4.32978e-17 0.707107 -4.32977e-17
4 16538205.13932924 0.04 0.1 0.2 -0.04 -0.05 0.02 0 0.707106 0 0.707107
4 13102047.82691715 0.04 0.1 0.2 -0.04 -0.05 -0.02 -0.218508 0.672498 -0.218508 0.672499
4 -1086535.311173257 0.04 0.1 0.2 0.04 0.05 -0.02 -0.672498 -0.218508 0.672499 0.218508
4 17526453.28194289 0.04 0.1 0.2 -0.04 0.05 0.02 0.672499 0.218508 0.672498 0.218508
4 9919891.592434257 0.04 0.1 0.2 0.04 -0.05 0.02 0.218508 -0.672499 -0.218508 0.672498
4 8800501.350754661 0.04 0.1 0.2 0.04 -0.05 6.93889e-18 0 -0.707107 0 0.707106
4 16794002.28819546 0.04 0.1 0.2 -0.04 0.05 6.93889e-18 0.707107 4.32978e-17 0.707106 -4.32977e-17
4 -2908590.440055777 0.04 0.1 0.2 0.04 0.05 -1.30621e-17 -0.707106 4.32978e-17 0.707107 -4.32977e-17
4 13415203.78450444 0.04 0.1 0.2 -0.04 -0.05 -1.18375e-17 0 0.707106 0 0.707107
4 2002481.789879332 0.04 0.1 0.2 -0.04 -0.05 6.93889e-18 -0.218508 0.672498 -0.218508 0.672499
4 1988587.584835331 0.04 0.1 0.2 0.04 0.05 6.93889e-18 -0.672498 -0.218508 0.672499 0.218508
4 3598017.095389769 0.04 0.1 0.2 -0.04 0.05 -1.30621e-17 0.672499 0.218508 0.672498 0.218508
4 1500942.557333108 0.04 0.1 0.2 0.04 -0.05 -2.0403e-18 0.218508 -0.672499 -0.218508 0.672498
4 -20601406.70440785 0.04 0.1 0.2 -0.04 -0.05 6.93889e-18 0 0.707107 0 0.707106
4 -175187.6543277733 0.04 0.1 0.2 0.04 0.05 6.93889e-18 0.707107 4.32978e-17 -0.707106 4.32977e-17
4 -26454512.76461338 0.04 0.1 0.2 -0.04 0.05 -1.30621e-17 0.707106 4.32978e-17 0.707107 4.32977e-17
4 -11934806.58630255 0.04 0.1 0.2 0.04 -0.05 -2.0403e-18 0 -0.707106 0 0.707107
4 -6565131.783313976 0.04 0.1 0.2 0.04 -0.05 0.02 0.218508 -0.672498 -0.218508 0.672499
4 -19139300.46113345 0.04 0.1 0.2 -0.04 0.05 0.02 0.672498 0.218508 0.672499 0.218508
4 18531.73782192549 0.04 0.1 0.2 0.04 0.05 -0.02 0.672499 0.218508 -0.672498 -0.218508
4 -11284280.40648415 0.04 0.1 0.2 -0.04 -0.05 -0.02 -0.218508 0.672499 -0.218508 0.672498
4 8806522.317031277 0.04 0.1 0.2 0.04 -0.05 0.02 0 -0.707107 0 0.707106
4 12933188.78938426 0.04 0.1 0.2 -0.04 0.05 0.02 0.707107 4.32978e-17 0.707106 -4.32977e-17
4 1624219.187288202 0.04 0.1 0.2 0.04 0.05 -0.02 -0.707106 4.32978e-17 0.707107 -4.32977e-17
4 11383406.25455727 0.04 0.1 0.2 -0.04 -0.05 -0.02 0 0.707106 0 0.707107
4 -6639501.334791432 0.04 0.1 0.2 -0.04 -0.05 0.02 -0.218508 0.672498 -0.218508 0.672499
4 -508453.0506121644 0.04 0.1 0.2 0.04 0.05 0.02 -0.672498 -0.218508 0.672499 0.218508
4 -6668504.683672802 0.04 0.1 0.2 -0.04 0.05 -0.02 0.672499 0.218508 0.672498 0.218508
4 -5611696.600193923 0.04 0.1 0.2 0.04 -0.05 -0.02 0.218508 -0.672499 -0.218508 0.672498
4 -17575370.16787048 0.04 0.1 0.2 -0.04 -0.05 0.02 0 0.707107 0 0.707106
4 702027.6425632271 0.04 0.1 0.2 0.04 0.05 0.02 0.707107 4.32978e-17 -0.707106 4.32977e-17
4 -21080444.45226245 0.04 0.1 0.2 -0.04 0.05 -0.02 0.707106 4.32978e-17 0.707107 4.32977e-17
4 -11860193.18326554 0.04 0.1 0.2 0.04 -0.05 -0.02 0 -0.707106 0 0.707107
4 -5322562.398850837 0.04 0.1 0.2 0.04 -0.05 0.04 0.218508 -0.672498 -0.218508 0.672499
4 -12508725.71782818 0.04 0.1 0.2 -0.04 0.05 0.04 0.672498 0.218508 0.672499 0.218508
4 -42137.92128191535 0.04 0.1 0.2 0.04 0.05 -0.04 0.672499 0.218508 -0.672498 -0.218508
4 -7897377.060918322 0.04 0.1 0.2 -0.04 -0.05 -0.04 -0.218508 0.672499 -0.218508 0.672498
4 1816852.308140085 0.04 0.1 0.2 0.04 -0.05 0.04 0 -0.707107 0 0.707106
4 2593402.610270101 0.04 0.1 0.2 -0.04 0.05 0.04 0.707107 4.32978e-17 0.707106 -4.32977e-17
4 2813796.609701498 0.04 0.1 0.2 0.04 0.05 -0.04 -0.707106 4.32978e-17 0.707107 -4.32977e-17
4 2493897.575048819 0.04 0.1 0.2 -0.04 -0.05 -0.04 0 0.707106 0 0.707107
4 -3182602.199319687 0.04 0.1 0.2 -0.04 -0.05 0.04 -0.218508 0.672498 -0.218508 0.672499
4 -2148256.122582273 0.04 0.1 0.2 0.04 0.05 0.04 -0.672498 -0.218508 0.672499 0.218508
4 -3507581.541143596 0.04 0.1 0.2 -0.04 0.05 -0.04 0.672499 0.218508 0.672498 0.218508
4 -2922073.288649217 0.04 0.1 0.2 0.04 -0.05 -0.04 0.218508 -0.672499 -0.218508 0.672498
4 -5806516.063905131 0.04 0.1 0.2 -0.04 -0.05 0.04 0 0.707107 0 0.707106
4 -1095279.750688336 0.04 0.1 0.2 0.04 0.05 0.04 0.707107 4.32978e-17 -0.707106 4.32977e-17
4 -6926565.261162618 0.04 0.1 0.2 -0.04 0.05 -0.04 0.707106 4.32978e-17 0.707107 4.32977e-17
4 -4297133.598664126 0.04 0.1 0.2 0.04 -0.05 -0.04 0 -0.707106 0 0.707107
4 -9610371.782785665 0.04 0.1 0.2 0.04 -0.05 0.06 0.218508 -0.672498 -0.218508 0.672499
4 -12656030.93387675 0.04 0.1 0.2 -0.04 0.05 0.06 0.672498 0.218508 0.672499 0.218508
4 30642.09266443359 0.04 0.1 0.2 0.04 0.05 -0.06 0.672499 0.218508 -0.672498 -0.218508
4 -11141409.47843642 0.04 0.1 0.2 -0.04 -0.05 -0.06 -0.218508 0.672499 -0.218508 0.672498
4 -8330401.060412605 0.04 0.1 0.2 0.04 -0.05 0.06 0 -0.707107 0 0.707106
4 -9850560.096303659 0.04 0.1 0.2 -0.04 0.05 0.06 0.707107 4.32978e-17 0.707106 -4.32977e-17
4 -3771248.519577084 0.04 0.1 0.2 0.04 0.05 -0.06 -0.707106 4.32978e-17 0.707107 -4.32977e-17
4 -9237219.87231697 0.04 0.1 0.2 -0.04 -0.05 -0.06 0 0.707106 0 0.707107
4 47.31867435999254 0.04 0.1 0.2 0.04 -0.05 0.06 -0.218508 -0.672498 0.218508 0.672499
4 1427.226262288415 0.04 0.1 0.2 -0.04 0.05 0.06 0.672498 -0.218508 0.672499 -0.218508
4 -346.3167455169096 0.04 0.1 0.2 0.04 0.05 -0.06 0.672499 -0.218508 -0.672498 0.218508
4 -1376.071477577242 0.04 0.1 0.2 -0.04 -0.05 -0.06 0.218508 0.672499 0.218508 0.672498
4 8170694.832614596 0.04 0.1 0.2 -0.04 -0.05 0.06 -0.218508 0.672498 -0.218508 0.672499
4 2262231.73791804 0.04 0.1 0.2 0.04 0.05 0.06 -0.672498 -0.218508 0.672499 0.218508
4 8365587.699462936 0.04 0.1 0.2 -0.04 0.05 -0.06 0.672499 0.218508 0.672498 0.218508
4 6552425.862355286 0.04 0.1 0.2 0.04 -0.05 -0.06 0.218508 -0.672499 -0.218508 0.672498
4 9229598.004666135 0.04 0.1 0.2 -0.04 -0.05 0.06 0 0.707107 0 0.707106
4 774448.5671201331 0.04 0.1 0.2 0.04 0.05 0.06 0.707107 4.32978e-17 -0.707106 4.32977e-17
4 9797936.722030036 0.04 0.1 0.2 -0.04 0.05 -0.06 0.707106 4.32978e-17 0.707107 4.32977e-17
4 7161529.141669272 0.04 0.1 0.2 0.04 -0.05 -0.06 0 -0.707106 0 0.707107
4 3444556.625451731 0.04 0.1 0.2 0.04 -0.05 0.08 0.218508 -0.672498 -0.218508 0.672499
4 3941945.648847431 0.04 0.1 0.2 -0.04 0.05 0.08 0.672498 0.218508 0.672499 0.218508
4 -7588.933934466858 0.04 0.1 0.2 0.04 0.05 -0.08 0.672499 0.218508 -0.672498 -0.218508
4 3673523.21583872 0.04 0.1 0.2 -0.04 -0.05 -0.08 -0.218508 0.672499 -0.218508 0.672498
4 3254117.688142921 0.04 0.1 0.2 0.04 -0.05 0.08 0 -0.707107 0 0.707106
4 3594142.57995383 0.04 0.1 0.2 -0.04 0.05 0.08 0.707107 4.32978e-17 0.707106 -4.32977e-17
4 1245028.986012057 0.04 0.1 0.2 0.04 0.05 -0.08 -0.707106 4.32978e-17 0.707107 -4.32977e-17
4 3367895.977733774 0.04 0.1 0.2 -0.04 -0.05 -0.08 0 0.707106 0 0.707107
4 1272.956643208411 0.04 0.1 0.2 0.04 -0.05 0.08 -0.218508 -0.672498 0.218508 0.672499
4 -347.4023466321387 0.04 0.1 0.2 -0.04 0.05 0.08 0.672498 -0.218508 0.672499 -0.218508
4 694.7964706961561 0.04 0.1 0.2 0.04 0.05 -0.08 0.672499 -0.218508 -0.672498 0.218508
4 2605.780571325856 0.04 0.1 0.2 -0.04 -0.05 -0.08 0.218508 0.672499 0.218508 0.672498
4 71.94103043288771 0.04 0.1 0.2 0.04 -0.05 0.08 -0.415627 -0.572061 0.415627 0.572062
4 -121.8287281611844 0.04 0.1 0.2 -0.04 0.05 0.08 0.572061 -0.415627 0.572062 -0.415627
4 -139.7805472380084 0.04 0.1 0.2 0.04 0.05 -0.08 0.572062 -0.415627 -0.572061 0.415627
4 79.57847140096476 0.04 0.1 0.2 -0.04 -0.05 -0.08 0.415627 0.572062 0.415627 0.572061
4 -2970277.733462121 0.04 0.1 0.2 -0.04 -0.05 0.08 -0.218508 0.672498 -0.218508 0.672499
4 -681463.500352382 0.04 0.1 0.2 0.04 0.05 0.08 -0.672498 -0.218508 0.672499 0.218508
4 -3024091.461995918 0.04 0.1 0.2 -0.04 0.05 -0.08 0.672499 0.218508 0.672498 0.218508
4 -2220404.084587015 0.04 0.1 0.2 0.04 -0.05 -0.08 0.218508 -0.672499 -0.218508 0.672498
4 -3211550.137050673 0.04 0.1 0.2 -0.04 -0.05 0.08 0 0.707107 0 0.707106
4 -206694.9692348269 0.04 0.1 0.2 0.04 0.05 0.08 0.707107 4.32978e-17 -0.707106 4.32977e-17
4 -3362229.137523447 0.04 0.1 0.2 -0.04 0.05 -0.08 0.707106 4.32978e-17 0.707107 4.32977e-17
4 -2356863.923786074 0.04 0.1 0.2 0.04 -0.05 -0.08 0 -0.707106 0 0.707107
4 3954414.085372921 0.04 0.1 0.2 0.04 -0.04 0.04 0 -0.707107 0 0.707106
4 7797455.958045514 0.04 0.1 0.2 -0.04 0.04 0.04 0.707107 4.32978e-17 0.707106 -4.32977e-17
4 -183768.2805344716 0.04 0.1 0.2 0.04 0.04 -0.04 -0.707106 4.32978e-17 0.707107 -4.32977e-17
4 8912767.174542047 0.04 0.1 0.2 -0.04 -0.04 -0.04 0 0.707106 0 0.707107
4 4098921.83588419 0.04 0.1 0.2 0.04 -0.04 0.06 0 -0.707107 0 0.707106
4 7699206.257661502 0.04 0.1 0.2 -0.04 0.04 0.06 0.707107 4.32978e-17 0.707106 -4.32977e-17
4 278474.6172693504 0.04 0.1 0.2 0.04 0.04 -0.06 -0.707106 4.32978e-17 0.707107 -4.32977e-17
4 8673491.348130504 0.04 0.1 0.2 -0.04 -0.04 -0.06 0 0.707106 0 0.707107
4 4049646.766457125 0.04 0.1 0.2 0.04 -0.04 0.08 0 -0.707107 0 0.707106
4 7551813.680150216 0.04 0.1 0.2 -0.04 0.04 0.08 0.707107 4.32978e-17 0.707106 -4.32977e-17
4 -95958.12311917682 0.04 0.1 0.2 0.04 0.04 -0.08 -0.707106 4.32978e-17 0.707107 -4.32977e-17
4 8596789.827422017 0.04 0.1 0.2 -0.04 -0.04 -0.08 0 0.707106 0 0.707107
4 -761.2124688974023 0.04 0.1 0.2 0.04 -0.04 0.08 -0.218508 -0.672498 0.218508 0.672499
4 -1089.778536466672 0.04 0.1 0.2 -0.04 0.04 0.08 0.672498 -0.218508 0.672499 -0.218508
4 -132.1624287222383 0.04 0.1 0.2 0.04 0.04 -0.08 0.672499 -0.218508 -0.672498 0.218508
4 -862.7507443533859 0.04 0.1 0.2 -0.04 -0.04 -0.08 0.218508 0.672499 0.218508 0.672498
4 -7841038.946420203 0.04 0.1 0.2 -0.04 0.04 0.04 0.707107 -4.32978e-17 0.707107 -4.32978e-17
4 -4055603.269212771 0.04 0.1 0.2 0.04 -0.04 0.04 1.40377e-23 -0.707107 8.65956e-17 0.707107
4 -8870113.385452412 0.04 0.1 0.2 -0.04 -0.04 -0.04 -1.62102e-23 0.707107 -1.62102e-23 0.707107
4 -27865.77356615101 0.04 0.1 0.2 0.04 0.04 -0.04 0.707107 -4.32978e-17 -0.707107 4.32978e-17
4 -7680993.519255194 0.04 0.1 0.2 -0.04 0.04 0.06 0.707107 -4.32978e-17 0.707107 -4.32978e-17
4 -3977958.403410692 0.04 0.1 0.2 0.04 -0.04 0.06 1.40377e-23 -0.707107 8.65956e-17 0.707107
4 -8804055.605708389 0.04 0.1 0.2 -0.04 -0.04 -0.06 -1.62102e-23 0.707107 -1.62102e-23 0.707107
4 51064.31249382945 0.04 0.1 0.2 0.04 0.04 -0.06 0.707107 -4.32978e-17 -0.707107 4.32978e-17
4 -7534132.392034708 0.04 0.1 0.2 -0.04 0.04 0.08 0.707107 -4.32978e-17 0.707107 -4.32978e-17
4 -4069335.673396169 0.04 0.1 0.2 0.04 -0.04 0.08 1.40377e-23 -0.707107 8.65956e-17 0.707107
4 -8504524.25733193 0.04 0.1 0.2 -0.04 -0.04 -0.08 -1.62102e-23 0.707107 -1.62102e-23 0.707107
4 -22534.31214690343 0.04 0.1 0.2 0.04 0.04 -0.08 0.707107 -4.32978e-17 -0.707107 4.32978e-17
4 -13.60417302302159 0.04 0.1 0.2 -0.04 0.04 0.08 -0.672498 0.218508 -0.672499 0.218508
4 -664.2455059928158 0.04 0.1 0.2 0.04 -0.04 0.08 -0.218508 -0.672498 0.218508 0.672499
4 -647.7845208421328 0.04 0.1 0.2 -0.04 -0.04 -0.08 0.218508 0.672499 0.218508 0.672498
4 -196.4529225239443 0.04 0.1 0.2 0.04 0.04 -0.08 0.672499 -0.218508 -0.672498 0.218508
4 -428972692.9643472 0.04 0.1 0.2 -0.02 0.07000000000000001 -0.02 0.415627 0.572061 -0.572061 0.415629
4 -365625181.2297141 0.04 0.1 0.2 0.02 -0.07000000000000001 -0.02 -0.572061 0.415627 0.415629 0.572061
4 -329955431.6846544 0.04 0.1 0.2 -0.02 -0.07000000000000001 0.02 0.415629 0.572061 0.572061 -0.415627
4 -365864933.5640008 0.04 0.1 0.2 0.02 0.07000000000000001 0.02 0.572061 -0.415629 0.415627 0.572061
4 -244273128.2105811 0.04 0.1 0.2 -0.02 0.07000000000000001 6.93889e-18 0.415627 0.572061 -0.572061 0.415629
4 -213316973.0771829 0.04 0.1 0.2 0.02 -0.07000000000000001 6.93889e-18 -0.572061 0.415627 0.415629 0.572061
4 -285709555.3481322 0.04 0.1 0.2 -0.02 -0.07000000000000001 1.63364e-18 0.415629 0.572061 0.572061 -0.415627
4 -213154512.1422841 0.04 0.1 0.2 0.02 0.07000000000000001 -4.4896e-18 0.572061 -0.415629 0.415627 0.572061
4 9508591.426248768 0.04 0.1 0.2 -0.02 -0.07000000000000001 0.06 -0.572061 -0.415627 -0.415627 0.572062
4 41633975.69744124 0.04 0.1 0.2 0.02 0.07000000000000001 0.06 0.415627 -0.572061 0.572062 0.415627
4 5192342.874581718 0.04 0.1 0.2 -0.02 0.07000000000000001 -0.06 0.572062 0.415627 -0.415627 0.572061
4 39924393.05105316 0.04 0.1 0.2 0.02 -0.07000000000000001 -0.06 -0.415627 0.572062 0.572061 0.415627
4 -105024636.7905756 0.04 0.1 0.2 -0.02 0.07000000000000001 0.08 0.218508 0.672499 -0.672499 0.218502
4 -68778977.75112988 0.04 0.1 0.2 0.02 -0.07000000000000001 0.08 -0.672499 0.218508 0.218502 0.672499
4 -24621527.86702839 0.04 0.1 0.2 -0.02 -0.07000000000000001 -0.08 0.218502 0.672499 0.672499 -0.218508
4 -68333255.21991487 0.04 0.1 0.2 0.02 0.07000000000000001 -0.08 0.672499 -0.218502 0.218508 0.672499
4 -163530409.9146907 0.04 0.1 0.2 -0.02 0.07000000000000001 0.08 0.415627 0.572061 -0.572061 0.415629
4 -59655635.27440541 0.04 0.1 0.2 0.02 -0.07000000000000001 0.08 -0.572061 0.415627 0.415629 0.572061
4 -71402889.94930467 0.04 0.1 0.2 -0.02 -0.07000000000000001 -0.08 0.415629 0.572061 0.572061 -0.415627
4 -59489049.88795269 0.04 0.1 0.2 0.02 0.07000000000000001 -0.08 0.572061 -0.415629 0.415627 0.572061
4 -259581257.2050433 0.04 0.1 0.2 -0.02 -0.07000000000000001 0.08 -0.415627 -0.572061 -0.572061 0.415629
4 -304375042.6007414 0.04 0.1 0.2 0.02 0.07000000000000001 0.08 0.572061 -0.415627 0.415629 0.572061
4 -316553669.3150437 0.04 0.1 0.2 -0.02 0.07000000000000001 -0.08 0.415629 0.572061 -0.572061 0.415627
4 -305850280.3658148 0.04 0.1 0.2 0.02 -0.07000000000000001 -0.08 -0.572061 0.415629 0.415627 0.572061
4 -7451475.598429348 0.04 0.1 0.2 -0.02 -0.07000000000000001 0.08 -0.572061 -0.415627 -0.415627 0.572062
4 21993012.95630005 0.04 0.1 0.2 0.02 0.07000000000000001 0.08 0.415627 -0.572061 0.572062 0.415627
4 -15646821.6866407 0.04 0.1 0.2 -0.02 0.07000000000000001 -0.08 0.572062 0.415627 -0.415627 0.572061
4 20423111.78689888 0.04 0.1 0.2 0.02 -0.07000000000000001 -0.08 -0.415627 0.572062 0.572061 0.415627
4 -1476270.899749441 0.04 0.1 0.2 -0.02 -0.07000000000000001 0.08 -0.672499 -0.218508 -0.218508 0.672498
4 73328.11126187767 0.04 0.1 0.2 0.02 0.07000000000000001 0.08 -0.218508 0.672499 -0.672498 -0.218508
4 -13287579.37083808 0.04 0.1 0.2 -0.02 0.07000000000000001 -0.08 0.672498 0.218508 -0.218508 0.672499
4 -5962726.706380442 0.04 0.1 0.2 0.02 -0.07000000000000001 -0.08 -0.218508 0.672498 0.672499 0.218508
4 -14020469.7114518 0.04 0.1 0.2 -0.02 -0.07000000000000001 0.08 -0.707107 0 0 0.707106
4 -9753203.850993225 0.04 0.1 0.2 0.02 0.07000000000000001 0.08 -4.32978e-17 0.707107 -0.707106 4.32977e-17
4 -12333056.56679912 0.04 0.1 0.2 -0.02 0.07000000000000001 -0.08 0.707106 0 0 0.707107
4 -15324419.87049942 0.04 0.1 0.2 0.02 -0.07000000000000001 -0.08 -4.32978e-17 0.707106 0.707107 4.32977e-17
4 -393382541.3934201 0.04 0.1 0.2 -0.016 0.07000000000000001 -0.02 0.415627 0.572061 -0.572061 0.415629
4 -311851364.7297084 0.04 0.1 0.2 0.016 -0.07000000000000001 -0.02 -0.572061 0.415627 0.415629 0.572061
4 -276063246.73695 0.04 0.1 0.2 -0.016 -0.07000000000000001 0.02 0.415629 0.572061 0.572061 -0.415627
4 -312337365.7024876 0.04 0.1 0.2 0.016 0.07000000000000001 0.02 0.572061 -0.415629 0.415627 0.572061
4 -251534916.9794049 0.04 0.1 0.2 -0.016 0.07000000000000001 6.93889e-18 0.415627 0.572061 -0.572061 0.415629
4 -224920468.4252771 0.04 0.1 0.2 0.016 -0.07000000000000001 6.93889e-18 -0.572061 0.415627 0.415629 0.572061
4 -284368154.3406537 0.04 0.1 0.2 -0.016 -0.07000000000000001 1.63364e-18 0.415629 0.572061 0.572061 -0.415627
4 -224996370.5674791 0.04 0.1 0.2 0.016 0.07000000000000001 -4.97946e-18 0.572061 -0.415629 0.415627 0.572061
4 -398224062.1647863 0.04 0.1 0.2 -0.016 -0.07000000000000001 6.93889e-18 -0.415627 -0.572061 -0.572061 0.415629
4 -573568365.0868784 0.04 0.1 0.2 0.016 0.07000000000000001 6.93889e-18 0.572061 -0.415627 0.415629 0.572061
4 -642328339.0243345 0.04 0.1 0.2 -0.016 0.07000000000000001 -1.55114e-17 0.415629 0.572061 -0.572061 0.415627
4 -574693900.3339033 0.04 0.1 0.2 0.016 -0.07000000000000001 -4.97946e-18 -0.572061 0.415629 0.415627 0.572061
4 -8346524.029535647 0.04 0.1 0.2 -0.016 -0.07000000000000001 0.06 -0.572061 -0.415627 -0.415627 0.572062
4 35156157.86774354 0.04 0.1 0.2 0.016 0.07000000000000001 0.06 0.415627 -0.572061 0.572062 0.415627
4 -12194701.20664525 0.04 0.1 0.2 -0.016 0.07000000000000001 -0.06 0.572062 0.415627 -0.415627 0.572061
4 34051989.3297205 0.04 0.1 0.2 0.016 -0.07000000000000001 -0.06 -0.415627 0.572062 0.572061 0.415627
4 -28408206.44776026 0.04 0.1 0.2 -0.016 0.07000000000000001 0.08 0.415627 0.572061 -0.572061 0.415629
4 -5115589.548181118 0.04 0.1 0.2 0.016 -0.07000000000000001 0.08 -0.572061 0.415627 0.415629 0.572061
4 -26720637.05453891 0.04 0.1 0.2 -0.016 -0.07000000000000001 -0.08 0.415629 0.572061 0.572061 -0.415627
4 -5235264.019305323 0.04 0.1 0.2 0.016 0.07000000000000001 -0.08 0.572061 -0.415629 0.415627 0.572061
4 42954937.85980142 0.04 0.1 0.2 -0.016 -0.07000000000000001 0.08 -0.415627 -0.572061 -0.572061 0.415629
4 57812074.93484179 0.04 0.1 0.2 0.016 0.07000000000000001 0.08 0.572061 -0.415627 0.415629 0.572061
4 24169513.00017289 0.04 0.1 0.2 -0.016 0.07000000000000001 -0.08 0.415629 0.572061 -0.572061 0.415627
4 56600261.56550733 0.04 0.1 0.2 0.016 -0.07000000000000001 -0.08 -0.572061 0.415629 0.415627 0.572061
4 6301040.822274741 0.04 0.1 0.2 -0.016 -0.07000000000000001 0.08 -0.572061 -0.415627 -0.415627 0.572062
4 52866096.70719622 0.04 0.1 0.2 0.016 0.07000000000000001 0.08 0.415627 -0.572061 0.572062 0.415627
4 6431352.503308265 0.04 0.1 0.2 -0.016 0.07000000000000001 -0.08 0.572062 0.415627 -0.415627 0.572061
4 52173422.04004293 0.04 0.1 0.2 0.016 -0.07000000000000001 -0.08 -0.415627 0.572062 0.572061 0.415627
4 -2486732.458910023 0.04 0.1 0.2 -0.016 -0.07000000000000001 0.08 -0.672499 -0.218508 -0.218508 0.672498
4 -163931.3387437502 0.04 0.1 0.2 0.016 0.07000000000000001 0.08 -0.218508 0.672499 -0.672498 -0.218508
4 -14353712.34900085 0.04 0.1 0.2 -0.016 0.07000000000000001 -0.08 0.672498 0.218508 -0.218508 0.672499
4 -7179149.940985609 0.04 0.1 0.2 0.016 -0.07000000000000001 -0.08 -0.218508 0.672498 0.672499 0.218508
4 -384917456.4553442 0.04 0.1 0.2 -0.012 0.07000000000000001 -0.02 0.415627 0.572061 -0.572061 0.415629
4 -334067053.644815 0.04 0.1 0.2 0.012 -0.07000000000000001 -0.02 -0.572061 0.415627 0.415629 0.572061
4 -322607331.6659185 0.04 0.1 0.2 -0.012 -0.07000000000000001 0.02 0.415629 0.572061 0.572061 -0.415627
4 -334187681.511829 0.04 0.1 0.2 0.012 0.07000000000000001 0.02 0.572061 -0.415629 0.415627 0.572061
4 -10918091.50343084 0.04 0.1 0.2 -0.012 -0.07000000000000001 0.06 -0.572061 -0.415627 -0.415627 0.572062
4 22860096.48933485 0.04 0.1 0.2 0.012 0.07000000000000001 0.06 0.415627 -0.572061 0.572062 0.415627
4 -18497251.20810377 0.04 0.1 0.2 -0.012 0.07000000000000001 -0.06 0.572062 0.415627 -0.415627 0.572061
4 21212277.57619593 0.04 0.1 0.2 0.012 -0.07000000000000001 -0.06 -0.415627 0.572062 0.572061 0.415627
4 77679827.24342173 0.04 0.1 0.2 -0.012 0.07000000000000001 0.08 0.415627 0.572061 -0.572061 0.415629
4 33455423.8093008 0.04 0.1 0.2 0.012 -0.07000000000000001 0.08 -0.572061 0.415627 0.415629 0.572061
4 9517076.213892924 0.04 0.1 0.2 -0.012 -0.07000000000000001 -0.08 0.415629 0.572061 0.572061 -0.415627
4 33754394.4227941 0.04 0.1 0.2 0.012 0.07000000000000001 -0.08 0.572061 -0.415629 0.415627 0.572061
4 130768250.8037724 0.04 0.1 0.2 -0.012 -0.07000000000000001 0.08 -0.415627 -0.572061 -0.572061 0.415629
4 134548189.053406 0.04 0.1 0.2 0.012 0.07000000000000001 0.08 0.572061 -0.415627 0.415629 0.572061
4 110814571.9915127 0.04 0.1 0.2 -0.012 0.07000000000000001 -0.08 0.415629 0.572061 -0.572061 0.415627
4 132972787.9134811 0.04 0.1 0.2 0.012 -0.07000000000000001 -0.08 -0.572061 0.415629 0.415627 0.572061
4 5805614.248695241 0.04 0.1 0.2 -0.012 -0.07000000000000001 0.08 -0.572061 -0.415627 -0.415627 0.572062
4 38860728.55287308 0.04 0.1 0.2 0.012 0.07000000000000001 0.08 0.415627 -0.572061 0.572062 0.415627
4 1222779.373014492 0.04 0.1 0.2 -0.012 0.07000000000000001 -0.08 0.572062 0.415627 -0.415627 0.572061
4 37464627.69962335 0.04 0.1 0.2 0.012 -0.07000000000000001 -0.08 -0.415627 0.572062 0.572061 0.415627
4 -1480921.571170987 0.04 0.1 0.2 -0.012 -0.07000000000000001 0.08 -0.672499 -0.218508 -0.218508 0.672498
4 89574.20085006312 0.04 0.1 0.2 0.012 0.07000000000000001 0.08 -0.218508 0.672499 -0.672498 -0.218508
4 -13385307.90912185 0.04 0.1 0.2 -0.012 0.07000000000000001 -0.08 0.672498 0.218508 -0.218508 0.672499
4 -6126229.269341111 0.04 0.1 0.2 0.012 -0.07000000000000001 -0.08 -0.218508 0.672498 0.672499 0.218508
4 -375214314.5327151 0.04 0.1 0.2 -0.008 0.07000000000000001 -0.02 0.415627 0.572061 -0.572061 0.415629
4 -368246275.1750803 0.04 0.1 0.2 0.008 -0.07000000000000001 -0.02 -0.572061 0.415627 0.415629 0.572061
4 -411735708.8499042 0.04 0.1 0.2 -0.008 -0.07000000000000001 0.02 0.415629 0.572061 0.572061 -0.415627
4 -368642177.9685405 0.04 0.1 0.2 0.008 0.07000000000000001 0.02 0.572061 -0.415629 0.415627 0.572061
4 -203197787.3675676 0.04 0.1 0.2 -0.008 0.07000000000000001 6.93889e-18 0.415627 0.572061 -0.572061 0.415629
4 -285076527.4206102 0.04 0.1 0.2 0.008 -0.07000000000000001 6.93889e-18 -0.572061 0.415627 0.415629 0.572061
4 -381306089.6960284 0.04 0.1 0.2 -0.008 -0.07000000000000001 1.63364e-18 0.415629 0.572061 0.572061 -0.415627
4 -285038722.1317976 0.04 0.1 0.2 0.008 0.07000000000000001 -5.95917e-18 0.572061 -0.415629 0.415627 0.572061
4 10377330.12906552 0.04 0.1 0.2 -0.008 -0.07000000000000001 0.06 -0.572061 -0.415627 -0.415627 0.572062
4 45729613.24532105 0.04 0.1 0.2 0.008 0.07000000000000001 0.06 0.415627 -0.572061 0.572062 0.415627
4 7299116.13525966 0.04 0.1 0.2 -0.008 0.07000000000000001 -0.06 0.572062 0.415627 -0.415627 0.572061
4 44132007.73864552 0.04 0.1 0.2 0.008 -0.07000000000000001 -0.06 -0.415627 0.572062 0.572061 0.415627
4 181896037.6180687 0.04 0.1 0.2 -0.008 0.07000000000000001 0.08 0.415627 0.572061 -0.572061 0.415629
4 119166517.6249968 0.04 0.1 0.2 0.008 -0.07000000000000001 0.08 -0.572061 0.415627 0.415629 0.572061
4 93914538.81538649 0.04 0.1 0.2 -0.008 -0.07000000000000001 -0.08 0.415629 0.572061 0.572061 -0.415627
4 119214058.7522602 0.04 0.1 0.2 0.008 0.07000000000000001 -0.08 0.572061 -0.415629 0.415627 0.572061
4 13840320.35850745 0.04 0.1 0.2 -0.008 -0.07000000000000001 0.08 -0.415627 -0.572061 -0.572061 0.415629
4 -13206369.01815993 0.04 0.1 0.2 0.008 0.07000000000000001 0.08 0.572061 -0.415627 0.415629 0.572061
4 -28730393.39368447 0.04 0.1 0.2 -0.008 0.07000000000000001 -0.08 0.415629 0.572061 -0.572061 0.415627
4 -14637396.73086811 0.04 0.1 0.2 0.008 -0.07000000000000001 -0.08 -0.572061 0.415629 0.415627 0.572061
4 -475271.1008594879 0.04 0.1 0.2 -0.008 -0.07000000000000001 0.08 -0.572061 -0.415627 -0.415627 0.572062
4 20453718.39862141 0.04 0.1 0.2 0.008 0.07000000000000001 0.08 0.415627 -0.572061 0.572062 0.415627
4 -10334218.17739991 0.04 0.1 0.2 -0.008 0.07000000000000001 -0.08 0.572062 0.415627 -0.415627 0.572061
4 18389199.39718138 0.04 0.1 0.2 0.008 -0.07000000000000001 -0.08 -0.415627 0.572062 0.572061 0.415627
4 -4067716.279441751 0.04 0.1 0.2 -0.004 -0.07000000000000001 0.08 -0.572061 -0.415627 -0.415627 0.572062
4 38135627.62547342 0.04 0.1 0.2 0.004 0.07000000000000001 0.08 0.415627 -0.572061 0.572062 0.415627
4 -7306055.719384848 0.04 0.1 0.2 -0.004 0.07000000000000001 -0.08 0.572062 0.415627 -0.415627 0.572061
4 37183928.13871738 0.04 0.1 0.2 0.004 -0.07000000000000001 -0.08 -0.415627 0.572062 0.572061 0.415627
4 -30726083.1316344 0.04 0.1 0.2 0.004 0.07000000000000001 0.08 0.415627 -0.572061 0.572061 0.415629
4 -4120367.302581615 0.04 0.1 0.2 -0.004 -0.07000000000000001 0.08 -0.572061 -0.415627 -0.415629 0.572061
4 -28963144.6133602 0.04 0.1 0.2 0.004 -0.07000000000000001 -0.08 -0.415629 0.572061 0.572061 0.415627
4 2951100.055030681 0.04 0.1 0.2 -0.004 0.07000000000000001 -0.08 0.572061 0.415629 -0.415627 0.572061
4 -411426105.4398513 0.04 0.1 0.2 0.008 -0.07000000000000001 -0.02 -0.572061 0.415627 0.415627 0.572062
4 -177457801.9286785 0.04 0.1 0.2 -0.008 0.07000000000000001 -0.02 -0.415627 -0.572061 0.572062 -0.415627
4 -412816647.7971715 0.04 0.1 0.2 0.008 0.07000000000000001 0.02 0.572062 -0.415627 0.415627 0.572061
4 -419857941.8668733 0.04 0.1 0.2 -0.008 -0.07000000000000001 0.02 0.415627 0.572062 0.572061 -0.415627
4 -26931042.04939418 0.04 0.1 0.2 0.008 0.07000000000000001 0.06 0.415627 -0.572061 0.572061 0.415629
4 10066922.22995538 0.04 0.1 0.2 -0.008 -0.07000000000000001 0.06 -0.572061 -0.415627 -0.415629 0.572061
4 -25451169.27681259 0.04 0.1 0.2 0.008 -0.07000000000000001 -0.06 -0.415629 0.572061 0.572061 0.415627
4 16422004.52590063 0.04 0.1 0.2 -0.008 0.07000000000000001 -0.06 0.572061 0.415629 -0.415627 0.572061
4 -107639724.3889521 0.04 0.1 0.2 0.008 -0.07000000000000001 0.06 -0.572061 0.415627 0.415627 0.572062
4 44086031.14528705 0.04 0.1 0.2 -0.008 0.07000000000000001 0.06 -0.415627 -0.572061 0.572062 -0.415627
4 -107937188.8873276 0.04 0.1 0.2 0.008 0.07000000000000001 -0.06 0.572062 -0.415627 0.415627 0.572061
4 -92380775.60027283 0.04 0.1 0.2 -0.008 -0.07000000000000001 -0.06 0.415627 0.572062 0.572061 -0.415627
4 58175468.72460041 0.04 0.1 0.2 0.008 0.07000000000000001 0.08 0.572061 -0.415627 0.415627 0.572062
4 21515354.5359037 0.04 0.1 0.2 -0.008 -0.07000000000000001 0.08 0.415627 0.572061 0.572062 -0.415627
4 59714090.13984445 0.04 0.1 0.2 0.008 -0.07000000000000001 -0.08 -0.572062 0.415627 0.415627 0.572061
4 87296860.02643333 0.04 0.1 0.2 -0.008 0.07000000000000001 -0.08 0.415627 0.572062 -0.572061 0.415627
4 -48457649.0946505 0.04 0.1 0.2 0.008 0.07000000000000001 0.08 0.415627 -0.572061 0.572061 0.415629
4 -518872.091636302 0.04 0.1 0.2 -0.008 -0.07000000000000001 0.08 -0.572061 -0.415627 -0.415629 0.572061
4 -47816622.45579845 0.04 0.1 0.2 0.008 -0.07000000000000001 -0.08 -0.415629 0.572061 0.572061 0.415627
4 -57325.02624086053 0.04 0.1 0.2 -0.008 0.07000000000000001 -0.08 0.572061 0.415629 -0.415627 0.572061
4 104681857.3406138 0.04 0.1 0.2 0.008 -0.07000000000000001 0.08 -0.572061 0.415627 0.415627 0.572062
4 66434426.16840509 0.04 0.1 0.2 -0.008 0.07000000000000001 0.08 -0.415627 -0.572061 0.572062 -0.415627
4 104589609.5409259 0.04 0.1 0.2 0.008 0.07000000000000001 -0.08 0.572062 -0.415627 0.415627 0.572061
4 117282786.5316774 0.04 0.1 0.2 -0.008 -0.07000000000000001 -0.08 0.415627 0.572062 0.572061 -0.415627
4 -377169391.967403 0.04 0.1 0.2 0.012 -0.07000000000000001 -0.02 -0.572061 0.415627 0.415627 0.572062
4 69771080.45016278 0.04 0.1 0.2 -0.012 0.07000000000000001 -0.02 -0.415627 -0.572061 0.572062 -0.415627
4 -378291720.3851002 0.04 0.1 0.2 0.012 0.07000000000000001 0.02 0.572062 -0.415627 0.415627 0.572061
4 -330588532.7608547 0.04 0.1 0.2 -0.012 -0.07000000000000001 0.02 0.415627 0.572062 0.572061 -0.415627
4 -890059767.9096606 0.04 0.1 0.2 0.012 0.07000000000000001 0.06 0.572061 -0.415627 0.415627 0.572062
4 -557033046.3505112 0.04 0.1 0.2 -0.012 -0.07000000000000001 0.06 0.415627 0.572061 0.572062 -0.415627
4 -888948211.0007447 0.04 0.1 0.2 0.012 -0.07000000000000001 -0.06 -0.572062 0.415627 0.415627 0.572061
4 -863774656.4810007 0.04 0.1 0.2 -0.012 0.07000000000000001 -0.06 0.415627 0.572062 -0.572061 0.415627
4 -49830725.64412057 0.04 0.1 0.2 0.012 0.07000000000000001 0.06 0.415627 -0.572061 0.572061 0.415629
4 -11228684.32262322 0.04 0.1 0.2 -0.012 -0.07000000000000001 0.06 -0.572061 -0.415627 -0.415629 0.572061
4 -48422101.61251575 0.04 0.1 0.2 0.012 -0.07000000000000001 -0.06 -0.415629 0.572061 0.572061 0.415627
4 -9386599.794039249 0.04 0.1 0.2 -0.012 0.07000000000000001 -0.06 0.572061 0.415629 -0.415627 0.572061
4 -237848859.3350643 0.04 0.1 0.2 0.012 -0.07000000000000001 0.06 -0.572061 0.415627 0.415627 0.572062
4 -66767267.28402238 0.04 0.1 0.2 -0.012 0.07000000000000001 0.06 -0.415627 -0.572061 0.572062 -0.415627
4 -237883302.6491353 0.04 0.1 0.2 0.012 0.07000000000000001 -0.06 0.572062 -0.415627 0.415627 0.572061
4 -217857777.5060148 0.04 0.1 0.2 -0.012 -0.07000000000000001 -0.06 0.415627 0.572062 0.572061 -0.415627
4 205962851.1876664 0.04 0.1 0.2 0.012 0.07000000000000001 0.08 0.572061 -0.415627 0.415627 0.572062
4 218861575.0171099 0.04 0.1 0.2 -0.012 -0.07000000000000001 0.08 0.415627 0.572061 0.572062 -0.415627
4 207295567.8278337 0.04 0.1 0.2 0.012 -0.07000000000000001 -0.08 -0.572062 0.415627 0.415627 0.572061
4 226942031.1563719 0.04 0.1 0.2 -0.012 0.07000000000000001 -0.08 0.415627 0.572062 -0.572061 0.415627
4 -30082233.58758045 0.04 0.1 0.2 0.012 0.07000000000000001 0.08 0.415627 -0.572061 0.572061 0.415629
4 5760651.470589246 0.04 0.1 0.2 -0.012 -0.07000000000000001 0.08 -0.572061 -0.415627 -0.415629 0.572061
4 -28802991.57373069 0.04 0.1 0.2 0.012 -0.07000000000000001 -0.08 -0.415629 0.572061 0.572061 0.415627
4 11471643.03406616 0.04 0.1 0.2 -0.012 0.07000000000000001 -0.08 0.572061 0.415629 -0.415627 0.572061
4 625639.1462435714 0.04 0.1 0.2 0.012 0.07000000000000001 0.08 0.218508 -0.672499 0.672499 0.218502
4 2152093.94265983 0.04 0.1 0.2 -0.012 -0.07000000000000001 0.08 -0.672499 -0.218508 -0.218502 0.672499
4 6893177.546731268 0.04 0.1 0.2 0.012 -0.07000000000000001 -0.08 -0.218502 0.672499 0.672499 0.218508
4 14060245.76462259 0.04 0.1 0.2 -0.012 0.07000000000000001 -0.08 0.672499 0.218502 -0.218508 0.672499
4 19066749.53789309 0.04 0.1 0.2 0.012 -0.07000000000000001 0.08 -0.572061 0.415627 0.415627 0.572062
4 -61764825.70495964 0.04 0.1 0.2 -0.012 0.07000000000000001 0.08 -0.415627 -0.572061 0.572062 -0.415627
4 19229883.96930172 0.04 0.1 0.2 0.012 0.07000000000000001 -0.08 0.572062 -0.415627 0.415627 0.572061
4 33059534.10502309 0.04 0.1 0.2 -0.012 -0.07000000000000001 -0.08 0.415627 0.572062 0.572061 -0.415627
4 -354918194.5522717 0.04 0.1 0.2 0.016 -0.07000000000000001 -0.02 -0.572061 0.415627 0.415627 0.572062
4 124614782.0437625 0.04 0.1 0.2 -0.016 0.07000000000000001 -0.02 -0.415627 -0.572061 0.572062 -0.415627
4 -356400908.5471447 0.04 0.1 0.2 0.016 0.07000000000000001 0.02 0.572062 -0.415627 0.415627 0.572061
4 -283834833.4264364 0.04 0.1 0.2 -0.016 -0.07000000000000001 0.02 0.415627 0.572062 0.572061 -0.415627
4 -37542200.255412 0.04 0.1 0.2 0.016 0.07000000000000001 0.06 0.415627 -0.572061 0.572061 0.415629
4 -8651757.806374952 0.04 0.1 0.2 -0.016 -0.07000000000000001 0.06 -0.572061 -0.415627 -0.415629 0.572061
4 -35634147.07575368 0.04 0.1 0.2 0.016 -0.07000000000000001 -0.06 -0.415629 0.572061 0.572061 0.415627
4 -3077122.469841276 0.04 0.1 0.2 -0.016 0.07000000000000001 -0.06 0.572061 0.415629 -0.415627 0.572061
4 -302210447.0910138 0.04 0.1 0.2 0.016 -0.07000000000000001 0.06 -0.572061 0.415627 0.415627 0.572062
4 -91672556.96393304 0.04 0.1 0.2 -0.016 0.07000000000000001 0.06 -0.415627 -0.572061 0.572062 -0.415627
4 -302658362.637267 0.04 0.1 0.2 0.016 0.07000000000000001 -0.06 0.572062 -0.415627 0.415627 0.572061
4 -283411231.2300569 0.04 0.1 0.2 -0.016 -0.07000000000000001 -0.06 0.415627 0.572062 0.572061 -0.415627
4 129252241.9023655 0.04 0.1 0.2 0.016 0.07000000000000001 0.08 0.572061 -0.415627 0.415627 0.572062
4 147914393.7548135 0.04 0.1 0.2 -0.016 -0.07000000000000001 0.08 0.415627 0.572061 0.572062 -0.415627
4 130943090.9590774 0.04 0.1 0.2 0.016 -0.07000000000000001 -0.08 -0.572062 0.415627 0.415627 0.572061
4 140341492.999451 0.04 0.1 0.2 -0.016 0.07000000000000001 -0.08 0.415627 0.572062 -0.572061 0.415627
4 -16095447.39188225 0.04 0.1 0.2 0.016 0.07000000000000001 0.08 0.415627 -0.572061 0.572061 0.415629
4 6255478.831654371 0.04 0.1 0.2 -0.016 -0.07000000000000001 0.08 -0.572061 -0.415627 -0.415629 0.572061
4 -14138015.01676995 0.04 0.1 0.2 0.016 -0.07000000000000001 -0.08 -0.415629 0.572061 0.572061 0.415627
4 16675188.6816243 0.04 0.1 0.2 -0.016 0.07000000000000001 -0.08 0.572061 0.415629 -0.415627 0.572061
4 -1257886.545756676 0.04 0.1 0.2 0.016 0.07000000000000001 0.08 0.218508 -0.672499 0.672499 0.218502
4 1144941.898589373 0.04 0.1 0.2 -0.016 -0.07000000000000001 0.08 -0.672499 -0.218508 -0.218502 0.672499
4 5663201.712244678 0.04 0.1 0.2 0.016 -0.07000000000000001 -0.08 -0.218502 0.672499 0.672499 0.218508
4 12999063.10362265 0.04 0.1 0.2 -0.016 0.07000000000000001 -0.08 0.672499 0.218502 -0.218508 0.672499
4 -19489709.4444167 0.04 0.1 0.2 0.016 -0.07000000000000001 0.08 -0.572061 0.415627 0.415627 0.572062
4 -44467450.6066158 0.04 0.1 0.2 -0.016 0.07000000000000001 0.08 -0.415627 -0.572061 0.572062 -0.415627
4 -19720286.54658255 0.04 0.1 0.2 0.016 0.07000000000000001 -0.08 0.572062 -0.415627 0.415627 0.572061
4 -3030897.74855557 0.04 0.1 0.2 -0.016 -0.07000000000000001 -0.08 0.415627 0.572062 0.572061 -0.415627
4 -408606613.4428971 0.04 0.1 0.2 0.02 -0.07000000000000001 -0.02 -0.572061 0.415627 0.415627 0.572062
4 -54132349.72128978 0.04 0.1 0.2 -0.02 0.07000000000000001 -0.02 -0.415627 -0.572061 0.572062 -0.415627
4 -409872389.9023297 0.04 0.1 0.2 0.02 0.07000000000000001 0.02 0.572062 -0.415627 0.415627 0.572061
4 -337594602.1896456 0.04 0.1 0.2 -0.02 -0.07000000000000001 0.02 0.415627 0.572062 0.572061 -0.415627
4 -31074625.93495925 0.04 0.1 0.2 0.02 0.07000000000000001 0.06 0.415627 -0.572061 0.572061 0.415629
4 9197197.023665695 0.04 0.1 0.2 -0.02 -0.07000000000000001 0.06 -0.572061 -0.415627 -0.415629 0.572061
4 -29809372.57602914 0.04 0.1 0.2 0.02 -0.07000000000000001 -0.06 -0.415629 0.572061 0.572061 0.415627
4 14268427.04945688 0.04 0.1 0.2 -0.02 0.07000000000000001 -0.06 0.572061 0.415629 -0.415627 0.572061
4 -364324878.4850514 0.04 0.1 0.2 0.02 -0.07000000000000001 0.06 -0.572061 0.415627 0.415627 0.572062
4 -71837370.82808216 0.04 0.1 0.2 -0.02 0.07000000000000001 0.06 -0.415627 -0.572061 0.572062 -0.415627
4 -364483948.5337577 0.04 0.1 0.2 0.02 0.07000000000000001 -0.06 0.572062 -0.415627 0.415627 0.572061
4 -346224128.096145 0.04 0.1 0.2 -0.02 -0.07000000000000001 -0.06 0.415627 0.572062 0.572061 -0.415627
4 9756928.471292507 0.04 0.1 0.2 0.02 0.07000000000000001 0.08 -8.65956e-17 0.707107 -0.707107 4.32978e-17
4 14020101.35507967 0.04 0.1 0.2 -0.02 -0.07000000000000001 0.08 -0.707107 -1.29893e-16 8.65956e-17 0.707107
4 15328034.80990798 0.04 0.1 0.2 0.02 -0.07000000000000001 -0.08 4.32978e-17 0.707107 0.707107 8.65956e-17
4 12334603.60952947 0.04 0.1 0.2 -0.02 0.07000000000000001 -0.08 0.707107 -8.65956e-17 -4.32978e-17 0.707107
4 -232965766.816953 0.04 0.1 0.2 0.02 0.07000000000000001 0.08 0.572061 -0.415627 0.415627 0.572062
4 -247817551.0042844 0.04 0.1 0.2 -0.02 -0.07000000000000001 0.08 0.415627 0.572061 0.572062 -0.415627
4 -231515136.4462822 0.04 0.1 0.2 0.02 -0.07000000000000001 -0.08 -0.572062 0.415627 0.415627 0.572061
4 -200295261.6030995 0.04 0.1 0.2 -0.02 0.07000000000000001 -0.08 0.415627 0.572062 -0.572061 0.415627
4 -46951912.22806202 0.04 0.1 0.2 0.02 0.07000000000000001 0.08 0.415627 -0.572061 0.572061 0.415629
4 -7494300.187400766 0.04 0.1 0.2 -0.02 -0.07000000000000001 0.08 -0.572061 -0.415627 -0.415629 0.572061
