5 -2617942675.216366 0.04 0.1 0.2 0.02 3.46945e-18 0.12 -0.587785 0.809017 -4.9538e-17 -3.59915e-17
5 -2631516577.794034 0.04 0.1 0.2 -0.02 -5.91874e-18 0.12 0.809017 0.587785 3.59915e-17 -4.9538e-17
5 -2631551232.370722 0.04 0.1 0.2 0.02 -1.81652e-17 -0.12 -7.19829e-17 9.9076e-17 0.809017 0.587785
5 -2630146927.574333 0.04 0.1 0.2 -0.02 3.46945e-18 -0.12 8.55294e-17 -1.35465e-17 -0.587785 0.809017
5 -609227976.900093 0.04 0.1 0.2 0.016 -0.07000000000000001 6.93889e-18 -0.572061 0.415627 0.415627 0.572062
5 -613748757.9810103 0.04 0.1 0.2 -0.016 0.07000000000000001 6.93889e-18 -0.415627 -0.572061 0.572062 -0.415627
5 -609504708.9212977 0.04 0.1 0.2 0.016 0.07000000000000001 -1.55114e-17 0.572062 -0.415627 0.415627 0.572061
5 -637238350.7572414 0.04 0.1 0.2 -0.016 -0.07000000000000001 -8.898319999999999e-18 0.415627 0.572062 0.572061 -0.415627
5 -1298041823.047446 0.04 0.1 0.2 0.016 0.07000000000000001 0.06 0.572061 -0.415627 0.415627 0.572062
5 -914706572.5461838 0.04 0.1 0.2 -0.016 -0.07000000000000001 0.06 0.415627 0.572061 0.572062 -0.415627
5 -1297288250.210008 0.04 0.1 0.2 0.016 -0.07000000000000001 -0.06 -0.572062 0.415627 0.415627 0.572061
5 -1277170135.549247 0.04 0.1 0.2 -0.016 0.07000000000000001 -0.06 0.415627 0.572062 -0.572061 0.415627
5 -13563012.20999564 0.04 0.1 0.2 -0.02 -0.03 0.12 0.309017 0.951057 -5.82354e-17 1.89218e-17
5 -13380472.95538794 0.04 0.1 0.2 0.02 0.03 0.12 0.951057 -0.309017 -1.89218e-17 -5.82354e-17
5 -13442441.3270268 0.04 0.1 0.2 -0.02 0.03 -0.12 3.78436e-17 1.16471e-16 0.951057 -0.309017
5 -13561866.15297979 0.04 0.1 0.2 0.02 -0.03 -0.12 3.93136e-17 -7.71573e-17 0.309017 0.951057
5 13523903.05835995 0.04 0.1 0.2 0.02 0.03 0.12 0.951057 -0.309017 -3.78436e-17 5.82354e-17
5 13342046.59272079 0.04 0.1 0.2 -0.02 -0.03 0.12 0.309017 0.951057 5.82354e-17 3.78436e-17
5 13344764.22766774 0.04 0.1 0.2 0.02 -0.03 -0.12 -1.16471e-16 -1.89218e-17 0.309017 0.951057
5 13460290.13506222 0.04 0.1 0.2 -0.02 0.03 -0.12 -2.03919e-17 -3.93136e-17 0.951057 -0.309017
5 -422838226.9306611 0.04 0.1 0.2 -0.008 -0.02 0.12 0.587785 0.809017 -4.9538e-17 3.59915e-17
5 -423049772.3166922 0.04 0.1 0.2 0.008 0.02 0.12 0.809017 -0.587785 -3.59915e-17 -4.9538e-17
5 -423020870.6324238 0.04 0.1 0.2 -0.008 0.02 -0.12 -7.19829e-17 -9.9076e-17 -0.809017 0.587785
5 -422874500.6774862 0.04 0.1 0.2 0.008 -0.02 -0.12 1.35465e-17 -8.55295e-17 0.587785 0.809017
5 -375517303.7080035 0.04 0.1 0.2 -0.008 -0.01 0.12 0.587785 0.809017 -4.9538e-17 3.59915e-17
5 -377137594.8433973 0.04 0.1 0.2 0.008 0.01 0.12 0.809017 -0.587785 -3.59915e-17 -4.9538e-17
5 -375117274.5807098 0.04 0.1 0.2 -0.008 0.01 -0.12 -7.19829e-17 -9.9076e-17 -0.809017 0.587785
5 -375526840.1639117 0.04 0.1 0.2 0.008 -0.01 -0.12 1.35465e-17 -8.55295e-17 0.587785 0.809017
5 -268602125.0572398 0.04 0.1 0.2 0.008 -0.05 0.12 0.309017 0.951057 -5.82354e-17 1.89218e-17
5 -269007929.6709556 0.04 0.1 0.2 -0.008 0.05 0.12 0.951057 -0.309017 -1.89218e-17 -5.82354e-17
5 -267697258.7950202 0.04 0.1 0.2 0.008 0.05 -0.12 3.78436e-17 1.16471e-16 0.951057 -0.309017
5 -268719575.816406 0.04 0.1 0.2 -0.008 -0.05 -0.12 3.93136e-17 -7.71573e-17 0.309017 0.951057
5 -145777878.9429396 0.04 0.1 0.2 -0.004 -0.04 0.12 0.587785 0.809017 -4.9538e-17 3.59915e-17
5 -145599008.6139142 0.04 0.1 0.2 0.004 0.04 0.12 0.809017 -0.587785 -3.59915e-17 -4.9538e-17
5 -145539640.7939819 0.04 0.1 0.2 -0.004 0.04 -0.12 -7.19829e-17 -9.9076e-17 -0.809017 0.587785
5 -145885888.2941072 0.04 0.1 0.2 0.004 -0.04 -0.12 1.35465e-17 -8.55295e-17 0.587785 0.809017
5 -410088194.087607 0.04 0.1 0.2 -0.012 3.46945e-18 0.12 0.587785 0.809017 -4.9538e-17 3.59915e-17
5 -412565957.0311852 0.04 0.1 0.2 0.012 -1.99987e-18 0.12 0.809017 -0.587785 -3.59915e-17 -4.9538e-17
5 -411930194.9479885 0.04 0.1 0.2 -0.012 -1.81652e-17 -0.12 -7.19829e-17 -9.9076e-17 -0.809017 0.587785
5 -410138041.4016402 0.04 0.1 0.2 0.012 3.46945e-18 -0.12 1.35465e-17 -8.55295e-17 0.587785 0.809017
5 -294326820.599324 0.04 0.1 0.2 0.008 3.46945e-18 0.12 0.809017 -0.587785 -7.19829e-17 4.9538e-17
5 -291878622.3403804 0.04 0.1 0.2 -0.008 -4.44917e-18 0.12 0.587785 0.809017 4.9538e-17 7.19829e-17
5 -291880044.4356726 0.04 0.1 0.2 0.008 -1.81652e-17 -0.12 -9.9076e-17 -3.59914e-17 0.587785 0.809017
5 -290789628.5623786 0.04 0.1 0.2 -0.008 3.46945e-18 -0.12 -2.24449e-17 1.35465e-17 -0.809017 0.587785
5 -343676631.1700723 0.04 0.1 0.2 0.008 0.01 0.12 0.809017 -0.587785 -7.19829e-17 4.9538e-17
5 -342054931.3165961 0.04 0.1 0.2 -0.008 -0.01 0.12 0.587785 0.809017 4.9538e-17 7.19829e-17
5 -342065565.0094604 0.04 0.1 0.2 0.008 -0.01 -0.12 -9.9076e-17 -3.59914e-17 0.587785 0.809017
5 -341653991.845058 0.04 0.1 0.2 -0.008 0.01 -0.12 -2.24449e-17 1.35465e-17 -0.809017 0.587785
5 9184825.104194835 0.04 0.1 0.2 -0.04 -0.05 -0.04 -0.218508 0.672498 -0.218508 0.672499
5 224766.3551911878 0.04 0.1 0.2 0.04 0.05 -0.04 -0.672498 -0.218508 0.672499 0.218508
5 14247461.59246368 0.04 0.1 0.2 -0.04 0.05 0.04 0.672499 0.218508 0.672498 0.218508
5 6156484.56316012 0.04 0.1 0.2 0.04 -0.05 0.04 0.218508 -0.672499 -0.218508 0.672498
5 6741384.425783327 0.04 0.1 0.2 0.04 -0.05 -0.02 0 -0.707107 0 0.707106
5 16363076.12904409 0.04 0.1 0.2 -0.04 0.05 -0.02 0.707107 4.32978e-17 0.707106 -4.32977e-17
5 309397.37778535 0.04 0.1 0.2 0.04 0.05 0.02 -0.707106 4.32978e-17 0.707107 -4.32977e-17
5 11348858.60007574 0.04 0.1 0.2 -0.04 -0.05 0.02 0 0.707106 0 0.707107
5 6557475.403377804 0.04 0.1 0.2 -0.04 -0.05 -0.02 -0.218508 0.672498 -0.218508 0.672499
5 -970556.8408146031 0.04 0.1 0.2 0.04 0.05 -0.02 -0.672498 -0.218508 0.672499 0.218508
5 9360382.19290773 0.04 0.1 0.2 -0.04 0.05 0.02 0.672499 0.218508 0.672498 0.218508
5 4829390.228429424 0.04 0.1 0.2 0.04 -0.05 0.02 0.218508 -0.672499 -0.218508 0.672498
5 5132114.877850232 0.04 0.1 0.2 0.04 -0.05 6.93889e-18 0 -0.707107 0 0.707106
5 10791370.19224736 0.04 0.1 0.2 -0.04 0.05 6.93889e-18 0.707107 4.32978e-17 0.707106 -4.32977e-17
5 -877179.2951601548 0.04 0.1 0.2 0.04 0.05 -1.30621e-17 -0.707106 4.32978e-17 0.707107 -4.32977e-17
5 7785624.716000858 0.04 0.1 0.2 -0.04 -0.05 -1.18375e-17 0 0.707106 0 0.707107
5 1664748.158527134 0.04 0.1 0.2 -0.04 -0.05 6.93889e-18 -0.218508 0.672498 -0.218508 0.672499
5 1342627.675345475 0.04 0.1 0.2 0.04 0.05 6.93889e-18 -0.672498 -0.218508 0.672499 0.218508
5 2731718.015600264 0.04 0.1 0.2 -0.04 0.05 -1.30621e-17 0.672499 0.218508 0.672498 0.218508
5 1114260.42041234 0.04 0.1 0.2 0.04 -0.05 -2.0403e-18 0.218508 -0.672499 -0.218508 0.672498
5 -12595076.59318734 0.04 0.1 0.2 -0.04 -0.05 6.93889e-18 0 0.707107 0 0.707106
5 -92661.37806161576 0.04 0.1 0.2 0.04 0.05 6.93889e-18 0.707107 4.32978e-17 -0.707106 4.32977e-17
5 -17834143.54498808 0.04 0.1 0.2 -0.04 0.05 -1.30621e-17 0.707106 4.32978e-17 0.707107 4.32977e-17
5 -7753038.87932299 0.04 0.1 0.2 0.04 -0.05 -2.0403e-18 0 -0.707106 0 0.707107
5 -4910770.486803596 0.04 0.1 0.2 0.04 -0.05 0.02 0.218508 -0.672498 -0.218508 0.672499
5 -13026847.31522213 0.04 0.1 0.2 -0.04 0.05 0.02 0.672498 0.218508 0.672499 0.218508
5 18307.30588231667 0.04 0.1 0.2 0.04 0.05 -0.02 0.672499 0.218508 -0.672498 -0.218508
5 -7961007.709842306 0.04 0.1 0.2 -0.04 -0.05 -0.02 -0.218508 0.672499 -0.218508 0.672498
5 3770984.673511946 0.04 0.1 0.2 0.04 -0.05 0.02 0 -0.707107 0 0.707106
5 6038390.146700312 0.04 0.1 0.2 -0.04 0.05 0.02 0.707107 4.32978e-17 0.707106 -4.32977e-17
5 400086.6457492691 0.04 0.1 0.2 0.04 0.05 -0.02 -0.707106 4.32978e-17 0.707107 -4.32977e-17
5 4862437.503450288 0.04 0.1 0.2 -0.04 -0.05 -0.02 0 0.707106 0 0.707107
5 -2042619.923383602 0.04 0.1 0.2 -0.04 -0.05 0.02 -0.218508 0.672498 -0.218508 0.672499
5 -109183.2405588556 0.04 0.1 0.2 0.04 0.05 0.02 -0.672498 -0.218508 0.672499 0.218508
5 -1992278.147168374 0.04 0.1 0.2 -0.04 0.05 -0.02 0.672499 0.218508 0.672498 0.218508
5 -1871019.427386977 0.04 0.1 0.2 0.04 -0.05 -0.02 0.218508 -0.672499 -0.218508 0.672498
5 -9178736.269334486 0.04 0.1 0.2 -0.04 -0.05 0.02 0 0.707107 0 0.707106
5 428672.4182996806 0.04 0.1 0.2 0.04 0.05 0.02 0.707107 4.32978e-17 -0.707106 4.32977e-17
5 -12176747.20838981 0.04 0.1 0.2 -0.04 0.05 -0.02 0.707106 4.32978e-17 0.707107 4.32977e-17
5 -6224512.540783211 0.04 0.1 0.2 0.04 -0.05 -0.02 0 -0.707106 0 0.707107
5 -3299071.548048663 0.04 0.1 0.2 0.04 -0.05 0.04 0.218508 -0.672498 -0.218508 0.672499
5 -8005000.36069538 0.04 0.1 0.2 -0.04 0.05 0.04 0.672498 0.218508 0.672499 0.218508
5 -47811.66282311037 0.04 0.1 0.2 0.04 0.05 -0.04 0.672499 0.218508 -0.672498 -0.218508
5 -4993972.612053057 0.04 0.1 0.2 -0.04 -0.05 -0.04 -0.218508 0.672499 -0.218508 0.672498
5 566153.0715328736 0.04 0.1 0.2 0.04 -0.05 0.04 0 -0.707107 0 0.707106
5 671987.8914584483 0.04 0.1 0.2 -0.04 0.05 0.04 0.707107 4.32978e-17 0.707106 -4.32977e-17
5 1120874.266799046 0.04 0.1 0.2 0.04 0.05 -0.04 -0.707106 4.32978e-17 0.707107 -4.32977e-17
5 683022.0277926833 0.04 0.1 0.2 -0.04 -0.05 -0.04 0 0.707106 0 0.707107
5 -1269470.238667884 0.04 0.1 0.2 -0.04 -0.05 0.04 -0.218508 0.672498 -0.218508 0.672499
5 -1383828.522881363 0.04 0.1 0.2 0.04 0.05 0.04 -0.672498 -0.218508 0.672499 0.218508
5 -1483230.924396189 0.04 0.1 0.2 -0.04 0.05 -0.04 0.672499 0.218508 0.672498 0.218508
5 -1125027.586466001 0.04 0.1 0.2 0.04 -0.05 -0.04 0.218508 -0.672499 -0.218508 0.672498
5 -3135762.342294656 0.04 0.1 0.2 -0.04 -0.05 0.04 0 0.707107 0 0.707106
5 -746858.7071213087 0.04 0.1 0.2 0.04 0.05 0.04 0.707107 4.32978e-17 -0.707106 4.32977e-17
5 -4127022.634225356 0.04 0.1 0.2 -0.04 0.05 -0.04 0.707106 4.32978e-17 0.707107 4.32977e-17
5 -2226196.642590885 0.04 0.1 0.2 0.04 -0.05 -0.04 0 -0.707106 0 0.707107
5 -3609718.464431317 0.04 0.1 0.2 0.04 -0.05 0.06 0.218508 -0.672498 -0.218508 0.672499
5 -4990529.499097378 0.04 0.1 0.2 -0.04 0.05 0.06 0.672498 0.218508 0.672499 0.218508
5 42012.61145493473 0.04 0.1 0.2 0.04 0.05 -0.06 0.672499 0.218508 -0.672498 -0.218508
5 -4098516.802777002 0.04 0.1 0.2 -0.04 -0.05 -0.06 -0.218508 0.672499 -0.218508 0.672498
5 -2983182.523045502 0.04 0.1 0.2 0.04 -0.05 0.06 0 -0.707107 0 0.707106
5 -3398439.104417706 0.04 0.1 0.2 -0.04 0.05 0.06 0.707107 4.32978e-17 0.707106 -4.32977e-17
5 -1428680.751310387 0.04 0.1 0.2 0.04 0.05 -0.06 -0.707106 4.32978e-17 0.707107 -4.32977e-17
5 -3112514.979552854 0.04 0.1 0.2 -0.04 -0.05 -0.06 0 0.707106 0 0.707107
5 -9.369566061524154 0.04 0.1 0.2 0.04 -0.05 0.06 -0.218508 -0.672498 0.218508 0.672499
5 322.5830978145739 0.04 0.1 0.2 -0.04 0.05 0.06 0.672498 -0.218508 0.672499 -0.218508
5 -224.1009385320858 0.04 0.1 0.2 0.04 0.05 -0.06 0.672499 -0.218508 -0.672498 0.218508
5 -683.5335002817956 0.04 0.1 0.2 -0.04 -0.05 -0.06 0.218508 0.672499 0.218508 0.672498
5 2668329.73183451 0.04 0.1 0.2 -0.04 -0.05 0.06 -0.218508 0.672498 -0.218508 0.672499
5 1233309.924627766 0.04 0.1 0.2 0.04 0.05 0.06 -0.672498 -0.218508 0.672499 0.218508
5 2713507.553480439 0.04 0.1 0.2 -0.04 0.05 -0.06 0.672499 0.218508 0.672498 0.218508
5 2267824.503939228 0.04 0.1 0.2 0.04 -0.05 -0.06 0.218508 -0.672499 -0.218508 0.672498
5 3259622.226518926 0.04 0.1 0.2 -0.04 -0.05 0.06 0 0.707107 0 0.707106
5 572277.6920541691 0.04 0.1 0.2 0.04 0.05 0.06 0.707107 4.32978e-17 -0.707106 4.32977e-17
5 3525357.485453476 0.04 0.1 0.2 -0.04 0.05 -0.06 0.707106 4.32978e-17 0.707107 4.32977e-17
5 2638498.070636006 0.04 0.1 0.2 0.04 -0.05 -0.06 0 -0.707106 0 0.707107
5 1209221.938118615 0.04 0.1 0.2 0.04 -0.05 0.08 0.218508 -0.672498 -0.218508 0.672499
5 1388974.326365433 0.04 0.1 0.2 -0.04 0.05 0.08 0.672498 0.218508 0.672499 0.218508
5 -12827.71417008725 0.04 0.1 0.2 0.04 0.05 -0.08 0.672499 0.218508 -0.672498 -0.218508
5 1237719.627024471 0.04 0.1 0.2 -0.04 -0.05 -0.08 -0.218508 0.672499 -0.218508 0.672498
5 1166606.033080257 0.04 0.1 0.2 0.04 -0.05 0.08 0 -0.707107 0 0.707106
5 1237822.476539066 0.04 0.1 0.2 -0.04 0.05 0.08 0.707107 4.32978e-17 0.707106 -4.32977e-17
5 476456.6690609403 0.04 0.1 0.2 0.04 0.05 -0.08 -0.707106 4.32978e-17 0.707107 -4.32977e-17
5 1134044.499139026 0.04 0.1 0.2 -0.04 -0.05 -0.08 0 0.707106 0 0.707107
5 448.0907945665334 0.04 0.1 0.2 0.04 -0.05 0.08 -0.218508 -0.672498 0.218508 0.672499
5 137.9591693266275 0.04 0.1 0.2 -0.04 0.05 0.08 0.672498 -0.218508 0.672499 -0.218508
5 406.4661810408306 0.04 0.1 0.2 0.04 0.05 -0.08 0.672499 -0.218508 -0.672498 0.218508
5 1477.894609014105 0.04 0.1 0.2 -0.04 -0.05 -0.08 0.218508 0.672499 0.218508 0.672498
5 26.35498513885018 0.04 0.1 0.2 0.04 -0.05 0.08 -0.415627 -0.572061 0.415627 0.572062
5 -45.03079689643667 0.04 0.1 0.2 -0.04 0.05 0.08 0.572061 -0.415627 0.572062 -0.415627
5 -70.98084351084128 0.04 0.1 0.2 0.04 0.05 -0.08 0.572062 -0.415627 -0.572061 0.415627
5 81.68465253676175 0.04 0.1 0.2 -0.04 -0.05 -0.08 0.415627 0.572062 0.415627 0.572061
5 -947452.9532177063 0.04 0.1 0.2 -0.04 -0.05 0.08 -0.218508 0.672498 -0.218508 0.672499
5 -336963.5560702465 0.04 0.1 0.2 0.04 0.05 0.08 -0.672498 -0.218508 0.672499 0.218508
5 -944233.3739944962 0.04 0.1 0.2 -0.04 0.05 -0.08 0.672499 0.218508 0.672498 0.218508
5 -761330.0712422753 0.04 0.1 0.2 0.04 -0.05 -0.08 0.218508 -0.672499 -0.218508 0.672498
5 -1052960.937050992 0.04 0.1 0.2 -0.04 -0.05 0.08 0 0.707107 0 0.707106
5 -161780.4762563847 0.04 0.1 0.2 0.04 0.05 0.08 0.707107 4.32978e-17 -0.707106 4.32977e-17
5 -1086804.605418336 0.04 0.1 0.2 -0.04 0.05 -0.08 0.707106 4.32978e-17 0.707107 4.32977e-17
5 -828213.3999123492 0.04 0.1 0.2 0.04 -0.05 -0.08 0 -0.707106 0 0.707107
5 2156040.112472877 0.04 0.1 0.2 0.04 -0.04 0.04 0 -0.707107 0 0.707106
5 4555457.777317713 0.04 0.1 0.2 -0.04 0.04 0.04 0.707107 4.32978e-17 0.707106 -4.32977e-17
5 -143986.5600476399 0.04 0.1 0.2 0.04 0.04 -0.04 -0.707106 4.32978e-17 0.707107 -4.32977e-17
5 5446140.776636172 0.04 0.1 0.2 -0.04 -0.04 -0.04 0 0.707106 0 0.707107
5 2375322.155542368 0.04 0.1 0.2 0.04 -0.04 0.06 0 -0.707107 0 0.707106
5 4547334.940170945 0.04 0.1 0.2 -0.04 0.04 0.06 0.707107 4.32978e-17 0.707106 -4.32977e-17
5 232953.0570696397 0.04 0.1 0.2 0.04 0.04 -0.06 -0.707106 4.32978e-17 0.707107 -4.32977e-17
5 5348897.457564868 0.04 0.1 0.2 -0.04 -0.04 -0.06 0 0.707106 0 0.707107
5 2283369.775637231 0.04 0.1 0.2 0.04 -0.04 0.08 0 -0.707107 0 0.707106
5 4290920.501615484 0.04 0.1 0.2 -0.04 0.04 0.08 0.707107 4.32978e-17 0.707106 -4.32977e-17
5 -90096.30451732381 0.04 0.1 0.2 0.04 0.04 -0.08 -0.707106 4.32978e-17 0.707107 -4.32977e-17
5 5132770.725650385 0.04 0.1 0.2 -0.04 -0.04 -0.08 0 0.707106 0 0.707107
5 -211.1768325546506 0.04 0.1 0.2 0.04 -0.04 0.08 -0.218508 -0.672498 0.218508 0.672499
5 -503.4523112377394 0.04 0.1 0.2 -0.04 0.04 0.08 0.672498 -0.218508 0.672499 -0.218508
5 -84.06276457962539 0.04 0.1 0.2 0.04 0.04 -0.08 0.672499 -0.218508 -0.672498 0.218508
5 -492.3204459154867 0.04 0.1 0.2 -0.04 -0.04 -0.08 0.218508 0.672499 0.218508 0.672498
5 -4654861.530624711 0.04 0.1 0.2 -0.04 0.04 0.04 0.707107 -4.32978e-17 0.707107 -4.32978e-17
5 -2283050.290819716 0.04 0.1 0.2 0.04 -0.04 0.04 1.40377e-23 -0.707107 8.65956e-17 0.707107
5 -5495541.135495249 0.04 0.1 0.2 -0.04 -0.04 -0.04 -1.62102e-23 0.707107 -1.62102e-23 0.707107
5 -25643.15390406331 0.04 0.1 0.2 0.04 0.04 -0.04 0.707107 -4.32978e-17 -0.707107 4.32978e-17
5 -4392350.406905218 0.04 0.1 0.2 -0.04 0.04 0.06 0.707107 -4.32978e-17 0.707107 -4.32978e-17
5 -2174223.110814965 0.04 0.1 0.2 0.04 -0.04 0.06 1.40377e-23 -0.707107 8.65956e-17 0.707107
5 -5282043.64928499 0.04 0.1 0.2 -0.04 -0.04 -0.06 -1.62102e-23 0.707107 -1.62102e-23 0.707107
5 48673.21598166998 0.04 0.1 0.2 0.04 0.04 -0.06 0.707107 -4.32978e-17 -0.707107 4.32978e-17
5 -4351592.812419106 0.04 0.1 0.2 -0.04 0.04 0.08 0.707107 -4.32978e-17 0.707107 -4.32978e-17
5 -2358209.374067328 0.04 0.1 0.2 0.04 -0.04 0.08 1.40377e-23 -0.707107 8.65956e-17 0.707107
5 -5148533.103485738 0.04 0.1 0.2 -0.04 -0.04 -0.08 -1.62102e-23 0.707107 -1.62102e-23 0.707107
5 -22692.78254664944 0.04 0.1 0.2 0.04 0.04 -0.08 0.707107 -4.32978e-17 -0.707107 4.32978e-17
5 -3.46471401041282 0.04 0.1 0.2 -0.04 0.04 0.08 -0.672498 0.218508 -0.672499 0.218508
5 -240.5368234193777 0.04 0.1 0.2 0.04 -0.04 0.08 -0.218508 -0.672498 0.218508 0.672499
5 -457.0217132287688 0.04 0.1 0.2 -0.04 -0.04 -0.08 0.218508 0.672499 0.218508 0.672498
5 -80.7332021615785 0.04 0.1 0.2 0.04 0.04 -0.08 0.672499 -0.218508 -0.672498 0.218508
5 -363830266.2618101 0.04 0.1 0.2 -0.02 0.07000000000000001 -0.02 0.415627 0.572061 -0.572061 0.415629
5 -320347897.5472384 0.04 0.1 0.2 0.02 -0.07000000000000001 -0.02 -0.572061 0.415627 0.415629 0.572061
5 -291721731.0297648 0.04 0.1 0.2 -0.02 -0.07000000000000001 0.02 0.415629 0.572061 0.572061 -0.415627
5 -320491535.9376675 0.04 0.1 0.2 0.02 0.07000000000000001 0.02 0.572061 -0.415629 0.415627 0.572061
5 -181539010.0654073 0.04 0.1 0.2 -0.02 0.07000000000000001 6.93889e-18 0.415627 0.572061 -0.572061 0.415629
5 -166843660.1824189 0.04 0.1 0.2 0.02 -0.07000000000000001 6.93889e-18 -0.572061 0.415627 0.415629 0.572061
5 -237191821.0918502 0.04 0.1 0.2 -0.02 -0.07000000000000001 1.63364e-18 0.415629 0.572061 0.572061 -0.415627
5 -166865093.8158307 0.04 0.1 0.2 0.02 0.07000000000000001 -4.4896e-18 0.572061 -0.415629 0.415627 0.572061
5 5173739.139904245 0.04 0.1 0.2 -0.02 -0.07000000000000001 0.06 -0.572061 -0.415627 -0.415627 0.572062
5 34733672.26733221 0.04 0.1 0.2 0.02 0.07000000000000001 0.06 0.415627 -0.572061 0.572062 0.415627
5 -787585.8676570933 0.04 0.1 0.2 -0.02 0.07000000000000001 -0.06 0.572062 0.415627 -0.415627 0.572061
5 35996273.58270722 0.04 0.1 0.2 0.02 -0.07000000000000001 -0.06 -0.415627 0.572062 0.572061 0.415627
5 -75555470.76282956 0.04 0.1 0.2 -0.02 0.07000000000000001 0.08 0.218508 0.672499 -0.672499 0.218502
5 -52717298.76861532 0.04 0.1 0.2 0.02 -0.07000000000000001 0.08 -0.672499 0.218508 0.218502 0.672499
5 -13060405.92665795 0.04 0.1 0.2 -0.02 -0.07000000000000001 -0.08 0.218502 0.672499 0.672499 -0.218508
5 -53580859.24138187 0.04 0.1 0.2 0.02 0.07000000000000001 -0.08 0.672499 -0.218502 0.218508 0.672499
5 -143370647.9259855 0.04 0.1 0.2 -0.02 0.07000000000000001 0.08 0.415627 0.572061 -0.572061 0.415629
5 -53428290.76066706 0.04 0.1 0.2 0.02 -0.07000000000000001 0.08 -0.572061 0.415627 0.415629 0.572061
5 -67487145.3286276 0.04 0.1 0.2 -0.02 -0.07000000000000001 -0.08 0.415629 0.572061 0.572061 -0.415627
5 -53655871.67854261 0.04 0.1 0.2 0.02 0.07000000000000001 -0.08 0.572061 -0.415629 0.415627 0.572061
5 -221626405.1708454 0.04 0.1 0.2 -0.02 -0.07000000000000001 0.08 -0.415627 -0.572061 -0.572061 0.415629
5 -281346822.4505838 0.04 0.1 0.2 0.02 0.07000000000000001 0.08 0.572061 -0.415627 0.415629 0.572061
5 -299304550.2716904 0.04 0.1 0.2 -0.02 0.07000000000000001 -0.08 0.415629 0.572061 -0.572061 0.415627
5 -282117460.6499206 0.04 0.1 0.2 0.02 -0.07000000000000001 -0.08 -0.572061 0.415629 0.415627 0.572061
5 -5608580.536801954 0.04 0.1 0.2 -0.02 -0.07000000000000001 0.08 -0.572061 -0.415627 -0.415627 0.572062
5 16755365.47653405 0.04 0.1 0.2 0.02 0.07000000000000001 0.08 0.415627 -0.572061 0.572062 0.415627
5 -18104264.31157207 0.04 0.1 0.2 -0.02 0.07000000000000001 -0.08 0.572062 0.415627 -0.415627 0.572061
5 18071349.43020873 0.04 0.1 0.2 0.02 -0.07000000000000001 -0.08 -0.415627 0.572062 0.572061 0.415627
5 -106549.5766588439 0.04 0.1 0.2 -0.02 -0.07000000000000001 0.08 -0.672499 -0.218508 -0.218508 0.672498
5 29310.75399489754 0.04 0.1 0.2 0.02 0.07000000000000001 0.08 -0.218508 0.672499 -0.672498 -0.218508
5 -13237331.03963832 0.04 0.1 0.2 -0.02 0.07000000000000001 -0.08 0.672498 0.218508 -0.218508 0.672499
5 2248586.725265069 0.04 0.1 0.2 0.02 -0.07000000000000001 -0.08 -0.218508 0.672498 0.672499 0.218508
5 -10928445.50189741 0.04 0.1 0.2 -0.02 -0.07000000000000001 0.08 -0.707107 0 0 0.707106
5 -7315681.357341914 0.04 0.1 0.2 0.02 0.07000000000000001 0.08 -4.32978e-17 0.707107 -0.707106 4.32977e-17
5 -9997855.632059213 0.04 0.1 0.2 -0.02 0.07000000000000001 -0.08 0.707106 0 0 0.707107
5 -12551388.18894185 0.04 0.1 0.2 0.02 -0.07000000000000001 -0.08 -4.32978e-17 0.707106 0.707107 4.32977e-17
5 -358570316.3755773 0.04 0.1 0.2 -0.016 0.07000000000000001 -0.02 0.415627 0.572061 -0.572061 0.415629
5 -276544429.7923762 0.04 0.1 0.2 0.016 -0.07000000000000001 -0.02 -0.572061 0.415627 0.415629 0.572061
5 -240593499.8786498 0.04 0.1 0.2 -0.016 -0.07000000000000001 0.02 0.415629 0.572061 0.572061 -0.415627
5 -276810445.5524926 0.04 0.1 0.2 0.016 0.07000000000000001 0.02 0.572061 -0.415629 0.415627 0.572061
5 -232077068.2424117 0.04 0.1 0.2 -0.016 0.07000000000000001 6.93889e-18 0.415627 0.572061 -0.572061 0.415629
5 -206865787.5272571 0.04 0.1 0.2 0.016 -0.07000000000000001 6.93889e-18 -0.572061 0.415627 0.415629 0.572061
5 -262365897.7090644 0.04 0.1 0.2 -0.016 -0.07000000000000001 1.63364e-18 0.415629 0.572061 0.572061 -0.415627
5 -206998175.7218468 0.04 0.1 0.2 0.016 0.07000000000000001 -4.97946e-18 0.572061 -0.415629 0.415627 0.572061
5 -405496204.8206839 0.04 0.1 0.2 -0.016 -0.07000000000000001 6.93889e-18 -0.415627 -0.572061 -0.572061 0.415629
5 -584773607.7502559 0.04 0.1 0.2 0.016 0.07000000000000001 6.93889e-18 0.572061 -0.415627 0.415629 0.572061
5 -654984822.2999827 0.04 0.1 0.2 -0.016 0.07000000000000001 -1.55114e-17 0.415629 0.572061 -0.572061 0.415627
5 -585216292.6579577 0.04 0.1 0.2 0.016 -0.07000000000000001 -4.97946e-18 -0.572061 0.415629 0.415627 0.572061
5 -3903221.113227985 0.04 0.1 0.2 -0.016 -0.07000000000000001 0.06 -0.572061 -0.415627 -0.415627 0.572062
5 38049958.03486421 0.04 0.1 0.2 0.016 0.07000000000000001 0.06 0.415627 -0.572061 0.572062 0.415627
5 -10348035.75335054 0.04 0.1 0.2 -0.016 0.07000000000000001 -0.06 0.572062 0.415627 -0.415627 0.572061
5 39645298.87109534 0.04 0.1 0.2 0.016 -0.07000000000000001 -0.06 -0.415627 0.572062 0.572061 0.415627
5 15741933.69794213 0.04 0.1 0.2 -0.016 0.07000000000000001 0.08 0.415627 0.572061 -0.572061 0.415629
5 13084782.30732034 0.04 0.1 0.2 0.016 -0.07000000000000001 0.08 -0.572061 0.415627 0.415629 0.572061
5 -3515272.93280261 0.04 0.1 0.2 -0.016 -0.07000000000000001 -0.08 0.415629 0.572061 0.572061 -0.415627
5 12720712.43246197 0.04 0.1 0.2 0.016 0.07000000000000001 -0.08 0.572061 -0.415629 0.415627 0.572061
5 68433507.42408036 0.04 0.1 0.2 -0.016 -0.07000000000000001 0.08 -0.415627 -0.572061 -0.572061 0.415629
5 94291115.16466273 0.04 0.1 0.2 0.016 0.07000000000000001 0.08 0.572061 -0.415627 0.415629 0.572061
5 63555855.3913892 0.04 0.1 0.2 -0.016 0.07000000000000001 -0.08 0.415629 0.572061 -0.572061 0.415627
5 93595005.05330898 0.04 0.1 0.2 0.016 -0.07000000000000001 -0.08 -0.572061 0.415629 0.415627 0.572061
5 6188733.396612599 0.04 0.1 0.2 -0.016 -0.07000000000000001 0.08 -0.572061 -0.415627 -0.415627 0.572062
5 55600367.1411137 0.04 0.1 0.2 0.016 0.07000000000000001 0.08 0.415627 -0.572061 0.572062 0.415627
5 6595512.334303463 0.04 0.1 0.2 -0.016 0.07000000000000001 -0.08 0.572062 0.415627 -0.415627 0.572061
5 57489497.84287441 0.04 0.1 0.2 0.016 -0.07000000000000001 -0.08 -0.415627 0.572062 0.572061 0.415627
5 -573605.2811652423 0.04 0.1 0.2 -0.016 -0.07000000000000001 0.08 -0.672499 -0.218508 -0.218508 0.672498
5 -71048.09825921187 0.04 0.1 0.2 0.016 0.07000000000000001 0.08 -0.218508 0.672499 -0.672498 -0.218508
5 -13777171.15723011 0.04 0.1 0.2 -0.016 0.07000000000000001 -0.08 0.672498 0.218508 -0.218508 0.672499
5 1674018.081036062 0.04 0.1 0.2 0.016 -0.07000000000000001 -0.08 -0.218508 0.672498 0.672499 0.218508
5 -368956889.9608043 0.04 0.1 0.2 -0.012 0.07000000000000001 -0.02 0.415627 0.572061 -0.572061 0.415629
5 -319429202.6364667 0.04 0.1 0.2 0.012 -0.07000000000000001 -0.02 -0.572061 0.415627 0.415629 0.572061
5 -302269824.8245611 0.04 0.1 0.2 -0.012 -0.07000000000000001 0.02 0.415629 0.572061 0.572061 -0.415627
5 -319540169.5305521 0.04 0.1 0.2 0.012 0.07000000000000001 0.02 0.572061 -0.415629 0.415627 0.572061
5 -7366811.18251107 0.04 0.1 0.2 -0.012 -0.07000000000000001 0.06 -0.572061 -0.415627 -0.415627 0.572062
5 20174682.29413472 0.04 0.1 0.2 0.012 0.07000000000000001 0.06 0.415627 -0.572061 0.572062 0.415627
5 -19394955.08626471 0.04 0.1 0.2 -0.012 0.07000000000000001 -0.06 0.572062 0.415627 -0.415627 0.572061
5 21443475.26196545 0.04 0.1 0.2 0.012 -0.07000000000000001 -0.06 -0.415627 0.572062 0.572061 0.415627
5 80455141.43930991 0.04 0.1 0.2 -0.012 0.07000000000000001 0.08 0.415627 0.572061 -0.572061 0.415629
5 13753960.3982725 0.04 0.1 0.2 0.012 -0.07000000000000001 0.08 -0.572061 0.415627 0.415629 0.572061
5 1753987.823194749 0.04 0.1 0.2 -0.012 -0.07000000000000001 -0.08 0.415629 0.572061 0.572061 -0.415627
5 13586945.64685012 0.04 0.1 0.2 0.012 0.07000000000000001 -0.08 0.572061 -0.415629 0.415627 0.572061
5 131161589.4786871 0.04 0.1 0.2 -0.012 -0.07000000000000001 0.08 -0.415627 -0.572061 -0.572061 0.415629
5 132431848.9018658 0.04 0.1 0.2 0.012 0.07000000000000001 0.08 0.572061 -0.415627 0.415629 0.572061
5 121590088.9006869 0.04 0.1 0.2 -0.012 0.07000000000000001 -0.08 0.415629 0.572061 -0.572061 0.415627
5 131570409.0232438 0.04 0.1 0.2 0.012 -0.07000000000000001 -0.08 -0.572061 0.415629 0.415627 0.572061
5 3325658.259319974 0.04 0.1 0.2 -0.012 -0.07000000000000001 0.08 -0.572061 -0.415627 -0.415627 0.572062
5 33466380.82193824 0.04 0.1 0.2 0.012 0.07000000000000001 0.08 0.415627 -0.572061 0.572062 0.415627
5 -3070434.563714219 0.04 0.1 0.2 -0.012 0.07000000000000001 -0.08 0.572062 0.415627 -0.415627 0.572061
5 34920643.17102864 0.04 0.1 0.2 0.012 -0.07000000000000001 -0.08 -0.415627 0.572062 0.572061 0.415627
5 -114500.9205475845 0.04 0.1 0.2 -0.012 -0.07000000000000001 0.08 -0.672499 -0.218508 -0.218508 0.672498
5 40703.01447281936 0.04 0.1 0.2 0.012 0.07000000000000001 0.08 -0.218508 0.672499 -0.672498 -0.218508
5 -13353605.23190423 0.04 0.1 0.2 -0.012 0.07000000000000001 -0.08 0.672498 0.218508 -0.218508 0.672499
5 2057630.350311721 0.04 0.1 0.2 0.012 -0.07000000000000001 -0.08 -0.218508 0.672498 0.672499 0.218508
5 -346072809.1652228 0.04 0.1 0.2 -0.008 0.07000000000000001 -0.02 0.415627 0.572061 -0.572061 0.415629
5 -339893343.2863272 0.04 0.1 0.2 0.008 -0.07000000000000001 -0.02 -0.572061 0.415627 0.415629 0.572061
5 -372111572.639771 0.04 0.1 0.2 -0.008 -0.07000000000000001 0.02 0.415629 0.572061 0.572061 -0.415627
5 -340094362.5501609 0.04 0.1 0.2 0.008 0.07000000000000001 0.02 0.572061 -0.415629 0.415627 0.572061
5 -205872946.1273361 0.04 0.1 0.2 -0.008 0.07000000000000001 6.93889e-18 0.415627 0.572061 -0.572061 0.415629
5 -299658376.9310088 0.04 0.1 0.2 0.008 -0.07000000000000001 6.93889e-18 -0.572061 0.415627 0.415629 0.572061
5 -384120016.7696545 0.04 0.1 0.2 -0.008 -0.07000000000000001 1.63364e-18 0.415629 0.572061 0.572061 -0.415627
5 -299748980.4971482 0.04 0.1 0.2 0.008 0.07000000000000001 -5.95917e-18 0.572061 -0.415629 0.415627 0.572061
5 6337168.894727917 0.04 0.1 0.2 -0.008 -0.07000000000000001 0.06 -0.572061 -0.415627 -0.415627 0.572062
5 40642181.16062123 0.04 0.1 0.2 0.008 0.07000000000000001 0.06 0.415627 -0.572061 0.572062 0.415627
5 2221273.562423817 0.04 0.1 0.2 -0.008 0.07000000000000001 -0.06 0.572062 0.415627 -0.415627 0.572061
5 41975713.54262455 0.04 0.1 0.2 0.008 -0.07000000000000001 -0.06 -0.415627 0.572062 0.572061 0.415627
5 97540236.67814842 0.04 0.1 0.2 -0.008 0.07000000000000001 0.08 0.415627 0.572061 -0.572061 0.415629
5 55688574.61411612 0.04 0.1 0.2 0.008 -0.07000000000000001 0.08 -0.572061 0.415627 0.415629 0.572061
5 49787001.01060512 0.04 0.1 0.2 -0.008 -0.07000000000000001 -0.08 0.415629 0.572061 0.572061 -0.415627
5 55414637.27973897 0.04 0.1 0.2 0.008 0.07000000000000001 -0.08 0.572061 -0.415629 0.415627 0.572061
5 -16866085.97155908 0.04 0.1 0.2 -0.008 -0.07000000000000001 0.08 -0.415627 -0.572061 -0.572061 0.415629
5 -62312431.51095717 0.04 0.1 0.2 0.008 0.07000000000000001 0.08 0.572061 -0.415627 0.415629 0.572061
5 -77238048.99671148 0.04 0.1 0.2 -0.008 0.07000000000000001 -0.08 0.415629 0.572061 -0.572061 0.415627
5 -63055513.19221348 0.04 0.1 0.2 0.008 -0.07000000000000001 -0.08 -0.572061 0.415629 0.415627 0.572061
5 -2870193.528194019 0.04 0.1 0.2 -0.008 -0.07000000000000001 0.08 -0.572061 -0.415627 -0.415627 0.572062
5 8821850.037895352 0.04 0.1 0.2 0.008 0.07000000000000001 0.08 0.415627 -0.572061 0.572062 0.415627
5 -17276845.74798651 0.04 0.1 0.2 -0.008 0.07000000000000001 -0.08 0.572062 0.415627 -0.415627 0.572061
5 9823369.516035575 0.04 0.1 0.2 0.008 -0.07000000000000001 -0.08 -0.415627 0.572062 0.572061 0.415627
5 -1088709.338843267 0.04 0.1 0.2 -0.004 -0.07000000000000001 0.08 -0.572061 -0.415627 -0.415627 0.572062
5 40034594.28166909 0.04 0.1 0.2 0.004 0.07000000000000001 0.08 0.415627 -0.572061 0.572062 0.415627
5 -6213227.943541124 0.04 0.1 0.2 -0.004 0.07000000000000001 -0.08 0.572062 0.415627 -0.415627 0.572061
5 41719676.88858981 0.04 0.1 0.2 0.004 -0.07000000000000001 -0.08 -0.415627 0.572062 0.572061 0.415627
5 -21742124.44539824 0.04 0.1 0.2 0.004 0.07000000000000001 0.08 0.415627 -0.572061 0.572061 0.415629
5 -1069738.713895362 0.04 0.1 0.2 -0.004 -0.07000000000000001 0.08 -0.572061 -0.415627 -0.415629 0.572061
5 -22934301.18437993 0.04 0.1 0.2 0.004 -0.07000000000000001 -0.08 -0.415629 0.572061 0.572061 0.415627
5 9041634.683019385 0.04 0.1 0.2 -0.004 0.07000000000000001 -0.08 0.572061 0.415629 -0.415627 0.572061
5 -380286603.6776631 0.04 0.1 0.2 0.008 -0.07000000000000001 -0.02 -0.572061 0.415627 0.415627 0.572062
5 -169101443.2972578 0.04 0.1 0.2 -0.008 0.07000000000000001 -0.02 -0.415627 -0.572061 0.572062 -0.415627
5 -380800883.0798289 0.04 0.1 0.2 0.008 0.07000000000000001 0.02 0.572062 -0.415627 0.415627 0.572061
5 -385393839.4730081 0.04 0.1 0.2 -0.008 -0.07000000000000001 0.02 0.415627 0.572062 0.572061 -0.415627
5 -26096027.92164835 0.04 0.1 0.2 0.008 0.07000000000000001 0.06 0.415627 -0.572061 0.572061 0.415629
5 6217119.302109654 0.04 0.1 0.2 -0.008 -0.07000000000000001 0.06 -0.572061 -0.415627 -0.415629 0.572061
5 -27453902.51081749 0.04 0.1 0.2 0.008 -0.07000000000000001 -0.06 -0.415629 0.572061 0.572061 0.415627
5 16405258.69780158 0.04 0.1 0.2 -0.008 0.07000000000000001 -0.06 0.572061 0.415629 -0.415627 0.572061
5 -33782001.60405462 0.04 0.1 0.2 0.008 -0.07000000000000001 0.06 -0.572061 0.415627 0.415627 0.572062
5 65635513.30426487 0.04 0.1 0.2 -0.008 0.07000000000000001 0.06 -0.415627 -0.572061 0.572062 -0.415627
5 -33649582.87322075 0.04 0.1 0.2 0.008 0.07000000000000001 -0.06 0.572062 -0.415627 0.415627 0.572061
5 -42382157.35435402 0.04 0.1 0.2 -0.008 -0.07000000000000001 -0.06 0.415627 0.572062 0.572061 -0.415627
5 17286505.64259699 0.04 0.1 0.2 0.008 0.07000000000000001 0.08 0.572061 -0.415627 0.415627 0.572062
5 -36113842.69989221 0.04 0.1 0.2 -0.008 -0.07000000000000001 0.08 0.415627 0.572061 0.572062 -0.415627
5 18087705.77924252 0.04 0.1 0.2 0.008 -0.07000000000000001 -0.08 -0.572062 0.415627 0.415627 0.572061
5 35301584.28692394 0.04 0.1 0.2 -0.008 0.07000000000000001 -0.08 0.415627 0.572062 -0.572061 0.415627
5 -53033674.80035187 0.04 0.1 0.2 0.008 0.07000000000000001 0.08 0.415627 -0.572061 0.572061 0.415629
5 -2844295.54463169 0.04 0.1 0.2 -0.008 -0.07000000000000001 0.08 -0.572061 -0.415627 -0.415629 0.572061
5 -54925630.02577077 0.04 0.1 0.2 0.008 -0.07000000000000001 -0.08 -0.415629 0.572061 0.572061 0.415627
5 -2044186.878255325 0.04 0.1 0.2 -0.008 0.07000000000000001 -0.08 0.572061 0.415629 -0.415627 0.572061
5 58037577.36975407 0.04 0.1 0.2 0.008 -0.07000000000000001 0.08 -0.572061 0.415627 0.415627 0.572062
5 54238835.77899896 0.04 0.1 0.2 -0.008 0.07000000000000001 0.08 -0.415627 -0.572061 0.572062 -0.415627
5 58297437.16770875 0.04 0.1 0.2 0.008 0.07000000000000001 -0.08 0.572062 -0.415627 0.415627 0.572061
5 79204786.75694802 0.04 0.1 0.2 -0.008 -0.07000000000000001 -0.08 0.415627 0.572062 0.572061 -0.415627
5 -359750668.0513439 0.04 0.1 0.2 0.012 -0.07000000000000001 -0.02 -0.572061 0.415627 0.415627 0.572062
5 74538756.42635658 0.04 0.1 0.2 -0.012 0.07000000000000001 -0.02 -0.415627 -0.572061 0.572062 -0.415627
5 -360163813.8995777 0.04 0.1 0.2 0.012 0.07000000000000001 0.02 0.572062 -0.415627 0.415627 0.572061
5 -315325553.9415732 0.04 0.1 0.2 -0.012 -0.07000000000000001 0.02 0.415627 0.572062 0.572061 -0.415627
5 -884750601.869945 0.04 0.1 0.2 0.012 0.07000000000000001 0.06 0.572061 -0.415627 0.415627 0.572062
5 -543309172.0396463 0.04 0.1 0.2 -0.012 -0.07000000000000001 0.06 0.415627 0.572061 0.572062 -0.415627
5 -884148171.1558802 0.04 0.1 0.2 0.012 -0.07000000000000001 -0.06 -0.572062 0.415627 0.415627 0.572061
5 -853637309.3265828 0.04 0.1 0.2 -0.012 0.07000000000000001 -0.06 0.415627 0.572062 -0.572061 0.415627
5 -46596052.49317556 0.04 0.1 0.2 0.012 0.07000000000000001 0.06 0.415627 -0.572061 0.572061 0.415629
5 -7485383.861741324 0.04 0.1 0.2 -0.012 -0.07000000000000001 0.06 -0.572061 -0.415627 -0.415629 0.572061
5 -48063457.88262103 0.04 0.1 0.2 0.012 -0.07000000000000001 -0.06 -0.415629 0.572061 0.572061 0.415627
5 -5222985.262195712 0.04 0.1 0.2 -0.012 0.07000000000000001 -0.06 0.572061 0.415629 -0.415627 0.572061
5 -199138892.9412702 0.04 0.1 0.2 0.012 -0.07000000000000001 0.06 -0.572061 0.415627 0.415627 0.572062
5 -68361862.33918123 0.04 0.1 0.2 -0.012 0.07000000000000001 0.06 -0.415627 -0.572061 0.572062 -0.415627
5 -198891792.2557272 0.04 0.1 0.2 0.012 0.07000000000000001 -0.06 0.572062 -0.415627 0.415627 0.572061
5 -197335961.0345557 0.04 0.1 0.2 -0.012 -0.07000000000000001 -0.06 0.415627 0.572062 0.572061 -0.415627
5 212062705.4820276 0.04 0.1 0.2 0.012 0.07000000000000001 0.08 0.572061 -0.415627 0.415627 0.572062
5 225355259.3165953 0.04 0.1 0.2 -0.012 -0.07000000000000001 0.08 0.415627 0.572061 0.572062 -0.415627
5 212758067.9217314 0.04 0.1 0.2 0.012 -0.07000000000000001 -0.08 -0.572062 0.415627 0.415627 0.572061
5 234243132.6234624 0.04 0.1 0.2 -0.012 0.07000000000000001 -0.08 0.415627 0.572062 -0.572061 0.415627
5 -28400785.15823531 0.04 0.1 0.2 0.012 0.07000000000000001 0.08 0.415627 -0.572061 0.572061 0.415629
5 3348531.996230276 0.04 0.1 0.2 -0.012 -0.07000000000000001 0.08 -0.572061 -0.415627 -0.415629 0.572061
5 -29907612.90777498 0.04 0.1 0.2 0.012 -0.07000000000000001 -0.08 -0.415629 0.572061 0.572061 0.415627
5 12155702.33526609 0.04 0.1 0.2 -0.012 0.07000000000000001 -0.08 0.572061 0.415629 -0.415627 0.572061
5 283807.2093697597 0.04 0.1 0.2 0.012 0.07000000000000001 0.08 0.218508 -0.672499 0.672499 0.218502
5 423012.068053621 0.04 0.1 0.2 -0.012 -0.07000000000000001 0.08 -0.672499 -0.218508 -0.218502 0.672499
5 -1731928.34405653 0.04 0.1 0.2 0.012 -0.07000000000000001 -0.08 -0.218502 0.672499 0.672499 0.218508
5 13671904.43778297 0.04 0.1 0.2 -0.012 0.07000000000000001 -0.08 0.672499 0.218502 -0.218508 0.672499
5 16205854.16780644 0.04 0.1 0.2 0.012 -0.07000000000000001 0.08 -0.572061 0.415627 0.415627 0.572062
5 -69901191.42654993 0.04 0.1 0.2 -0.012 0.07000000000000001 0.08 -0.415627 -0.572061 0.572062 -0.415627
5 16548588.31689639 0.04 0.1 0.2 0.012 0.07000000000000001 -0.08 0.572062 -0.415627 0.415627 0.572061
5 31381107.85334887 0.04 0.1 0.2 -0.012 -0.07000000000000001 -0.08 0.415627 0.572062 0.572061 -0.415627
5 -316749353.7659499 0.04 0.1 0.2 0.016 -0.07000000000000001 -0.02 -0.572061 0.415627 0.415627 0.572062
5 132183564.3612101 0.04 0.1 0.2 -0.016 0.07000000000000001 -0.02 -0.415627 -0.572061 0.572062 -0.415627
5 -317343074.2589163 0.04 0.1 0.2 0.016 0.07000000000000001 0.02 0.572062 -0.415627 0.415627 0.572061
5 -253455576.1572901 0.04 0.1 0.2 -0.016 -0.07000000000000001 0.02 0.415627 0.572062 0.572061 -0.415627
5 -28775502.55601486 0.04 0.1 0.2 0.016 0.07000000000000001 0.06 0.415627 -0.572061 0.572061 0.415629
5 -4022423.72172049 0.04 0.1 0.2 -0.016 -0.07000000000000001 0.06 -0.572061 -0.415627 -0.415629 0.572061
5 -29910769.01804422 0.04 0.1 0.2 0.016 -0.07000000000000001 -0.06 -0.415629 0.572061 0.572061 0.415627
5 3808960.686731762 0.04 0.1 0.2 -0.016 0.07000000000000001 -0.06 0.572061 0.415629 -0.415627 0.572061
5 -284614410.3124807 0.04 0.1 0.2 0.016 -0.07000000000000001 0.06 -0.572061 0.415627 0.415627 0.572062
5 -93325623.49649514 0.04 0.1 0.2 -0.016 0.07000000000000001 0.06 -0.415627 -0.572061 0.572062 -0.415627
5 -284526527.235406 0.04 0.1 0.2 0.016 0.07000000000000001 -0.06 0.572062 -0.415627 0.415627 0.572061
5 -275875796.3175741 0.04 0.1 0.2 -0.016 -0.07000000000000001 -0.06 0.415627 0.572062 0.572061 -0.415627
5 173891428.7608699 0.04 0.1 0.2 0.016 0.07000000000000001 0.08 0.572061 -0.415627 0.415627 0.572062
5 195918247.1815587 0.04 0.1 0.2 -0.016 -0.07000000000000001 0.08 0.415627 0.572061 0.572062 -0.415627
5 174774691.8820141 0.04 0.1 0.2 0.016 -0.07000000000000001 -0.08 -0.572062 0.415627 0.415627 0.572061
5 176322407.8898713 0.04 0.1 0.2 -0.016 0.07000000000000001 -0.08 0.415627 0.572062 -0.572061 0.415627
5 -6302609.517961105 0.04 0.1 0.2 0.016 0.07000000000000001 0.08 0.415627 -0.572061 0.572061 0.415629
5 6205925.831663758 0.04 0.1 0.2 -0.016 -0.07000000000000001 0.08 -0.572061 -0.415627 -0.415629 0.572061
5 -7386030.483325174 0.04 0.1 0.2 0.016 -0.07000000000000001 -0.08 -0.415629 0.572061 0.572061 0.415627
5 21804314.0901614 0.04 0.1 0.2 -0.016 0.07000000000000001 -0.08 0.572061 0.415629 -0.415627 0.572061
5 -573518.2001421181 0.04 0.1 0.2 0.016 0.07000000000000001 0.08 0.218508 -0.672499 0.672499 0.218502
5 -42265.3518910506 0.04 0.1 0.2 -0.016 -0.07000000000000001 0.08 -0.672499 -0.218508 -0.218502 0.672499
5 -2319685.532746495 0.04 0.1 0.2 0.016 -0.07000000000000001 -0.08 -0.218502 0.672499 0.672499 0.218508
5 13136559.67583585 0.04 0.1 0.2 -0.016 0.07000000000000001 -0.08 0.672499 0.218502 -0.218508 0.672499
5 15635270.95031234 0.04 0.1 0.2 0.016 -0.07000000000000001 0.08 -0.572061 0.415627 0.415627 0.572062
5 -33383743.97073063 0.04 0.1 0.2 -0.016 0.07000000000000001 0.08 -0.415627 -0.572061 0.572062 -0.415627
5 15807808.24305554 0.04 0.1 0.2 0.016 0.07000000000000001 -0.08 0.572062 -0.415627 0.415627 0.572061
5 26357788.95852286 0.04 0.1 0.2 -0.016 -0.07000000000000001 -0.08 0.415627 0.572062 0.572061 -0.415627
5 -360482575.4560342 0.04 0.1 0.2 0.02 -0.07000000000000001 -0.02 -0.572061 0.415627 0.415627 0.572062
5 -74556393.67686142 0.04 0.1 0.2 -0.02 0.07000000000000001 -0.02 -0.415627 -0.572061 0.572062 -0.415627
5 -360968501.2803693 0.04 0.1 0.2 0.02 0.07000000000000001 0.02 0.572062 -0.415627 0.415627 0.572061
5 -304368078.481815 0.04 0.1 0.2 -0.02 -0.07000000000000001 0.02 0.415627 0.572062 0.572061 -0.415627
5 -32131134.67104093 0.04 0.1 0.2 0.02 0.07000000000000001 0.06 0.415627 -0.572061 0.572061 0.415629
5 5053437.706425359 0.04 0.1 0.2 -0.02 -0.07000000000000001 0.06 -0.572061 -0.415627 -0.415629 0.572061
5 -33629686.28948692 0.04 0.1 0.2 0.02 -0.07000000000000001 -0.06 -0.415629 0.572061 0.572061 0.415627
5 13344684.54292723 0.04 0.1 0.2 -0.02 0.07000000000000001 -0.06 0.572061 0.415629 -0.415627 0.572061
5 -398591125.0464231 0.04 0.1 0.2 0.02 -0.07000000000000001 0.06 -0.572061 0.415627 0.415627 0.572062
5 -87614091.58220366 0.04 0.1 0.2 -0.02 0.07000000000000001 0.06 -0.415627 -0.572061 0.572062 -0.415627
5 -398364153.4918826 0.04 0.1 0.2 0.02 0.07000000000000001 -0.06 0.572062 -0.415627 0.415627 0.572061
5 -380954278.2245433 0.04 0.1 0.2 -0.02 -0.07000000000000001 -0.06 0.415627 0.572062 0.572061 -0.415627
5 7318970.836781816 0.04 0.1 0.2 0.02 0.07000000000000001 0.08 -8.65956e-17 0.707107 -0.707107 4.32978e-17
5 10928400.95247652 0.04 0.1 0.2 -0.02 -0.07000000000000001 0.08 -0.707107 -1.29893e-16 8.65956e-17 0.707107
5 12554041.74318173 0.04 0.1 0.2 0.02 -0.07000000000000001 -0.08 4.32978e-17 0.707107 0.707107 8.65956e-17
5 9998923.121813871 0.04 0.1 0.2 -0.02 0.07000000000000001 -0.08 0.707107 -8.65956e-17 -4.32978e-17 0.707107
5 -201691919.9607938 0.04 0.1 0.2 0.02 0.07000000000000001 0.08 0.572061 -0.415627 0.415627 0.572062
5 -225907868.4609687 0.04 0.1 0.2 -0.02 -0.07000000000000001 0.08 0.415627 0.572061 0.572062 -0.415627
5 -200949672.2738853 0.04 0.1 0.2 0.02 -0.07000000000000001 -0.08 -0.572062 0.415627 0.415627 0.572061
5 -186467954.3920604 0.04 0.1 0.2 -0.02 0.07000000000000001 -0.08 0.415627 0.572062 -0.572061 0.415627
5 -45203274.70692939 0.04 0.1 0.2 0.02 0.07000000000000001 0.08 0.415627 -0.572061 0.572061 0.415629
5 -5591089.559285426 0.04 0.1 0.2 -0.02 -0.07000000000000001 0.08 -0.572061 -0.415627 -0.415629 0.572061
