0.007,0.071,0.144,-0.0035,-0.0555,0.0144,-0.572061,0.415627,0.415627,0.572062
0.007,0.071,0.144,0.0035,0.0555,0.0144,-0.415627,-0.572061,0.572062,-0.415627
0.007,0.071,0.144,-0.0035,0.0555,-0.0144,0.572062,-0.415627,0.415627,0.572061
0.007,0.071,0.144,0.0035,-0.0555,-0.0144,0.415627,0.572062,0.572061,-0.415627
0.007,0.071,0.144,-0.0035,0.0555,0.0288,0.572061,-0.415627,0.415627,0.572062
0.007,0.071,0.144,0.0035,-0.0555,0.0288,0.415627,0.572061,0.572062,-0.415627
0.007,0.071,0.144,-0.0035,-0.0555,-0.0288,-0.572062,0.415627,0.415627,0.572061
0.007,0.071,0.144,0.0035,0.0555,-0.0288,0.415627,0.572062,-0.572061,0.415627
0.007,0.071,0.144,-0.0035,0.0555,0.0432,0.572061,-0.415627,0.415627,0.572062
0.007,0.071,0.144,0.0035,-0.0555,0.0432,0.415627,0.572061,0.572062,-0.415627
0.007,0.071,0.144,-0.0035,-0.0555,-0.0432,-0.572062,0.415627,0.415627,0.572061
0.007,0.071,0.144,0.0035,0.0555,-0.0432,0.415627,0.572062,-0.572061,0.415627
0.007,0.071,0.144,-0.0035,0.0555,0.0576,-8.65956e-17,0.707107,-0.707107,4.32978e-17
0.007,0.071,0.144,0.0035,-0.0555,0.0576,-0.707107,-1.29893e-16,8.65956e-17,0.707107
0.007,0.071,0.144,-0.0035,-0.0555,-0.0576,4.32978e-17,0.707107,0.707107,8.65956e-17
0.007,0.071,0.144,0.0035,0.0555,-0.0576,0.707107,-8.65956e-17,-4.32978e-17,0.707107
0.007,0.071,0.144,-0.0035,-0.0555,0.0576,-0.415627,-0.572061,-0.572061,0.415629
0.007,0.071,0.144,0.0035,0.0555,0.0576,0.572061,-0.415627,0.415629,0.572061
0.007,0.071,0.144,-0.0035,0.0555,-0.0576,0.415629,0.572061,-0.572061,0.415627
0.007,0.071,0.144,0.0035,-0.0555,-0.0576,-0.572061,0.415629,0.415627,0.572061
0.007,0.071,0.144,-0.0028,-0.0555,0.0144,-0.572061,0.415627,0.415627,0.572062
0.007,0.071,0.144,0.0028,0.0555,0.0144,-0.415627,-0.572061,0.572062,-0.415627
0.007,0.071,0.144,-0.0028,0.0555,-0.0144,0.572062,-0.415627,0.415627,0.572061
0.007,0.071,0.144,0.0028,-0.0555,-0.0144,0.415627,0.572062,0.572061,-0.415627
0.007,0.071,0.144,-0.0028,0.0555,0.0288,0.572061,-0.415627,0.415627,0.572062
0.007,0.071,0.144,0.0028,-0.0555,0.0288,0.415627,0.572061,0.572062,-0.415627
0.007,0.071,0.144,-0.0028,-0.0555,-0.0288,-0.572062,0.415627,0.415627,0.572061
0.007,0.071,0.144,0.0028,0.0555,-0.0288,0.415627,0.572062,-0.572061,0.415627
0.007,0.071,0.144,-0.0028,0.0555,0.0432,0.572061,-0.415627,0.415627,0.572062
0.007,0.071,0.144,0.0028,-0.0555,0.0432,0.415627,0.572061,0.572062,-0.415627
0.007,0.071,0.144,-0.0028,-0.0555,-0.0432,-0.572062,0.415627,0.415627,0.572061
0.007,0.071,0.144,0.0028,0.0555,-0.0432,0.415627,0.572062,-0.572061,0.415627
0.007,0.071,0.144,-0.0021,-0.0555,0.0144,-0.572061,0.415627,0.415627,0.572062
0.007,0.071,0.144,0.0021,0.0555,0.0144,-0.415627,-0.572061,0.572062,-0.415627
0.007,0.071,0.144,-0.0021,0.0555,-0.0144,0.572062,-0.415627,0.415627,0.572061
0.007,0.071,0.144,0.0021,-0.0555,-0.0144,0.415627,0.572062,0.572061,-0.415627
0.007,0.071,0.144,-0.0021,0.0555,0.0288,0.572061,-0.415627,0.415627,0.572062
0.007,0.071,0.144,0.0021,-0.0555,0.0288,0.415627,0.572061,0.572062,-0.415627
0.007,0.071,0.144,-0.0021,-0.0555,-0.0288,-0.572062,0.415627,0.415627,0.572061
0.007,0.071,0.144,0.0021,0.0555,-0.0288,0.415627,0.572062,-0.572061,0.415627
0.007,0.071,0.144,-0.0021,0.0555,0.0432,0.415627,0.572061,-0.572061,0.415629
0.007,0.071,0.144,0.0021,-0.0555,0.0432,-0.572061,0.415627,0.415629,0.572061
0.007,0.071,0.144,-0.0021,-0.0555,-0.0432,0.415629,0.572061,0.572061,-0.415627
0.007,0.071,0.144,0.0021,0.0555,-0.0432,0.572061,-0.415629,0.415627,0.572061
0.007,0.071,0.144,-0.0021,0.0555,0.0432,0.572061,-0.415627,0.415627,0.572062
0.007,0.071,0.144,0.0021,-0.0555,0.0432,0.415627,0.572061,0.572062,-0.415627
0.007,0.071,0.144,-0.0021,-0.0555,-0.0432,-0.572062,0.415627,0.415627,0.572061
0.007,0.071,0.144,0.0021,0.0555,-0.0432,0.415627,0.572062,-0.572061,0.415627
0.007,0.071,0.144,-0.0014,-0.0555,0.0144,-0.572061,0.415627,0.415627,0.572062
0.007,0.071,0.144,0.0014,0.0555,0.0144,-0.415627,-0.572061,0.572062,-0.415627
0.007,0.071,0.144,-0.0014,0.0555,-0.0144,0.572062,-0.415627,0.415627,0.572061
0.007,0.071,0.144,0.0014,-0.0555,-0.0144,0.415627,0.572062,0.572061,-0.415627
0.007,0.071,0.144,-0.0014,0.0555,0.0288,0.572061,-0.415627,0.415627,0.572062
0.007,0.071,0.144,0.0014,-0.0555,0.0288,0.415627,0.572061,0.572062,-0.415627
0.007,0.071,0.144,-0.0014,-0.0555,-0.0288,-0.572062,0.415627,0.415627,0.572061
0.007,0.071,0.144,0.0014,0.0555,-0.0288,0.415627,0.572062,-0.572061,0.415627
0.007,0.071,0.144,-0.0014,0.0555,0.0432,0.572061,-0.415627,0.415627,0.572062
0.007,0.071,0.144,0.0014,-0.0555,0.0432,0.415627,0.572061,0.572062,-0.415627
0.007,0.071,0.144,-0.0014,-0.0555,-0.0432,-0.572062,0.415627,0.415627,0.572061
0.007,0.071,0.144,0.0014,0.0555,-0.0432,0.415627,0.572062,-0.572061,0.415627
0.007,0.071,0.144,-0.0007,0.0555,0.0288,0.572061,-0.415627,0.415627,0.572062
0.007,0.071,0.144,0.0007,-0.0555,0.0288,0.415627,0.572061,0.572062,-0.415627
0.007,0.071,0.144,-0.0007,-0.0555,-0.0288,-0.572062,0.415627,0.415627,0.572061
0.007,0.071,0.144,0.0007,0.0555,-0.0288,0.415627,0.572062,-0.572061,0.415627
0.007,0.071,0.144,-0.0007,0.0555,0.0432,0.415627,0.572061,-0.572061,0.415629
0.007,0.071,0.144,0.0007,-0.0555,0.0432,-0.572061,0.415627,0.415629,0.572061
0.007,0.071,0.144,-0.0007,-0.0555,-0.0432,0.415629,0.572061,0.572061,-0.415627
0.007,0.071,0.144,0.0007,0.0555,-0.0432,0.572061,-0.415629,0.415627,0.572061
0.007,0.071,0.144,-0.0007,0.0555,0.0432,0.572061,-0.415627,0.415627,0.572062
0.007,0.071,0.144,0.0007,-0.0555,0.0432,0.415627,0.572061,0.572062,-0.415627
0.007,0.071,0.144,-0.0007,-0.0555,-0.0432,-0.572062,0.415627,0.415627,0.572061
0.007,0.071,0.144,0.0007,0.0555,-0.0432,0.415627,0.572062,-0.572061,0.415627
0.007,0.071,0.144,2.1684e-19,-0.0555,0.0144,-0.572061,0.415627,0.415627,0.572062
0.007,0.071,0.144,-7.01363e-18,0.0555,0.0144,-0.415627,-0.572061,0.572062,-0.415627
0.007,0.071,0.144,2.1684e-19,0.0555,-0.0144,0.572062,-0.415627,0.415627,0.572061
0.007,0.071,0.144,1.54665e-18,-0.0555,-0.0144,0.415627,0.572062,0.572061,-0.415627
0.007,0.071,0.144,2.1684e-19,0.0555,0.0288,0.415627,0.572061,-0.572061,0.415629
0.007,0.071,0.144,6.57995e-18,-0.0555,0.0288,-0.572061,0.415627,0.415629,0.572061
0.007,0.071,0.144,2.1684e-19,-0.0555,-0.0288,0.415629,0.572061,0.572061,-0.415627
0.007,0.071,0.144,3.31014e-18,0.0555,-0.0288,0.572061,-0.415629,0.415627,0.572061
0.007,0.071,0.144,2.1684e-19,0.0555,0.0288,0.572061,-0.415627,0.415627,0.572062
0.007,0.071,0.144,6.57995e-18,-0.0555,0.0288,0.415627,0.572061,0.572062,-0.415627
0.007,0.071,0.144,2.1684e-19,-0.0555,-0.0288,-0.572062,0.415627,0.415627,0.572061
0.007,0.071,0.144,3.31014e-18,0.0555,-0.0288,0.415627,0.572062,-0.572061,0.415627
0.007,0.071,0.144,2.1684e-19,0.0555,0.0432,0.572061,-0.415627,0.415627,0.572062
0.007,0.071,0.144,6.57995e-18,-0.0555,0.0432,0.415627,0.572061,0.572062,-0.415627
0.007,0.071,0.144,2.1684e-19,-0.0555,-0.0432,-0.572062,0.415627,0.415627,0.572061
0.007,0.071,0.144,5.07363e-18,0.0555,-0.0432,0.415627,0.572062,-0.572061,0.415627
0.007,0.071,0.144,0.0007,-0.0555,0.0144,-0.572061,0.415627,0.415627,0.572062
0.007,0.071,0.144,-0.0007,0.0555,0.0144,-0.415627,-0.572061,0.572062,-0.415627
0.007,0.071,0.144,0.0007,0.0555,-0.0144,0.572062,-0.415627,0.415627,0.572061
0.007,0.071,0.144,-0.0007,-0.0555,-0.0144,0.415627,0.572062,0.572061,-0.415627
0.007,0.071,0.144,0.0007,0.0555,0.0288,0.415627,0.572061,-0.572061,0.415629
0.007,0.071,0.144,-0.0007,-0.0555,0.0288,-0.572061,0.415627,0.415629,0.572061
0.007,0.071,0.144,0.0007,-0.0555,-0.0288,0.415629,0.572061,0.572061,-0.415627
0.007,0.071,0.144,-0.0007,0.0555,-0.0288,0.572061,-0.415629,0.415627,0.572061
0.007,0.071,0.144,0.0007,0.0555,0.0288,0.572061,-0.415627,0.415627,0.572062
0.007,0.071,0.144,-0.0007,-0.0555,0.0288,0.415627,0.572061,0.572062,-0.415627
0.007,0.071,0.144,0.0007,-0.0555,-0.0288,-0.572062,0.415627,0.415627,0.572061
0.007,0.071,0.144,-0.0007,0.0555,-0.0288,0.415627,0.572062,-0.572061,0.415627
0.007,0.071,0.144,0.0007,0.0555,0.0432,0.415627,0.572061,-0.572061,0.415629
0.007,0.071,0.144,-0.0007,-0.0555,0.0432,-0.572061,0.415627,0.415629,0.572061
0.007,0.071,0.144,0.0007,-0.0555,-0.0432,0.415629,0.572061,0.572061,-0.415627
0.007,0.071,0.144,-0.0007,0.0555,-0.0432,0.572061,-0.415629,0.415627,0.572061
0.007,0.071,0.144,0.0007,0.0555,0.0432,0.572061,-0.415627,0.415627,0.572062
0.007,0.071,0.144,-0.0007,-0.0555,0.0432,0.415627,0.572061,0.572062,-0.415627
0.007,0.071,0.144,0.0007,-0.0555,-0.0432,-0.572062,0.415627,0.415627,0.572061
0.007,0.071,0.144,-0.0007,0.0555,-0.0432,0.415627,0.572062,-0.572061,0.415627
0.007,0.071,0.144,0.0014,-0.0555,0.0144,-0.572061,0.415627,0.415627,0.572062
0.007,0.071,0.144,-0.0014,0.0555,0.0144,-0.415627,-0.572061,0.572062,-0.415627
0.007,0.071,0.144,0.0014,0.0555,-0.0144,0.572062,-0.415627,0.415627,0.572061
0.007,0.071,0.144,-0.0014,-0.0555,-0.0144,0.415627,0.572062,0.572061,-0.415627
0.007,0.071,0.144,0.0014,0.0555,0.0288,0.572061,-0.415627,0.415627,0.572062
0.007,0.071,0.144,-0.0014,-0.0555,0.0288,0.415627,0.572061,0.572062,-0.415627
0.007,0.071,0.144,0.0014,-0.0555,-0.0288,-0.572062,0.415627,0.415627,0.572061
0.007,0.071,0.144,-0.0014,0.0555,-0.0288,0.415627,0.572062,-0.572061,0.415627
0.007,0.071,0.144,0.0021,-0.0555,0.0144,-0.572061,0.415627,0.415627,0.572062
0.007,0.071,0.144,-0.0021,0.0555,0.0144,-0.415627,-0.572061,0.572062,-0.415627
0.007,0.071,0.144,0.0021,0.0555,-0.0144,0.572062,-0.415627,0.415627,0.572061
0.007,0.071,0.144,-0.0021,-0.0555,-0.0144,0.415627,0.572062,0.572061,-0.415627
0.007,0.071,0.144,0.0021,0.0555,0.0288,0.415627,0.572061,-0.572061,0.415629
0.007,0.071,0.144,-0.0021,-0.0555,0.0288,-0.572061,0.415627,0.415629,0.572061
0.007,0.071,0.144,0.0021,-0.0555,-0.0288,0.415629,0.572061,0.572061,-0.415627
0.007,0.071,0.144,-0.0021,0.0555,-0.0288,0.572061,-0.415629,0.415627,0.572061
0.007,0.071,0.144,0.0021,0.0555,0.0288,0.572061,-0.415627,0.415627,0.572062
0.007,0.071,0.144,-0.0021,-0.0555,0.0288,0.415627,0.572061,0.572062,-0.415627
0.007,0.071,0.144,0.0021,-0.0555,-0.0288,-0.572062,0.415627,0.415627,0.572061
0.007,0.071,0.144,-0.0021,0.0555,-0.0288,0.415627,0.572062,-0.572061,0.415627
0.007,0.071,0.144,0.0021,0.0555,0.0432,0.415627,0.572061,-0.572061,0.415629
0.007,0.071,0.144,-0.0021,-0.0555,0.0432,-0.572061,0.415627,0.415629,0.572061
0.007,0.071,0.144,0.0021,-0.0555,-0.0432,0.415629,0.572061,0.572061,-0.415627
0.007,0.071,0.144,-0.0021,0.0555,-0.0432,0.572061,-0.415629,0.415627,0.572061
0.007,0.071,0.144,0.0021,0.0555,0.0432,0.572061,-0.415627,0.415627,0.572062
0.007,0.071,0.144,-0.0021,-0.0555,0.0432,0.415627,0.572061,0.572062,-0.415627
0.007,0.071,0.144,0.0021,-0.0555,-0.0432,-0.572062,0.415627,0.415627,0.572061
0.007,0.071,0.144,-0.0021,0.0555,-0.0432,0.415627,0.572062,-0.572061,0.415627
0.007,0.071,0.144,0.0028,-0.0555,0.0144,-0.572061,0.415627,0.415627,0.572062
0.007,0.071,0.144,-0.0028,0.0555,0.0144,-0.415627,-0.572061,0.572062,-0.415627
0.007,0.071,0.144,0.0028,0.0555,-0.0144,0.572062,-0.415627,0.415627,0.572061
0.007,0.071,0.144,-0.0028,-0.0555,-0.0144,0.415627,0.572062,0.572061,-0.415627
0.007,0.071,0.144,0.0028,0.0555,0.0288,0.572061,-0.415627,0.415627,0.572062
0.007,0.071,0.144,-0.0028,-0.0555,0.0288,0.415627,0.572061,0.572062,-0.415627
0.007,0.071,0.144,0.0028,-0.0555,-0.0288,-0.572062,0.415627,0.415627,0.572061
0.007,0.071,0.144,-0.0028,0.0555,-0.0288,0.415627,0.572062,-0.572061,0.415627
0.007,0.071,0.144,0.0028,0.0555,0.0432,0.415627,0.572061,-0.572061,0.415629
0.007,0.071,0.144,-0.0028,-0.0555,0.0432,-0.572061,0.415627,0.415629,0.572061
0.007,0.071,0.144,0.0028,-0.0555,-0.0432,0.415629,0.572061,0.572061,-0.415627
0.007,0.071,0.144,-0.0028,0.0555,-0.0432,0.572061,-0.415629,0.415627,0.572061
0.007,0.071,0.144,0.0028,0.0555,0.0432,0.572061,-0.415627,0.415627,0.572062
0.007,0.071,0.144,-0.0028,-0.0555,0.0432,0.415627,0.572061,0.572062,-0.415627
0.007,0.071,0.144,0.0028,-0.0555,-0.0432,-0.572062,0.415627,0.415627,0.572061
0.007,0.071,0.144,-0.0028,0.0555,-0.0432,0.415627,0.572062,-0.572061,0.415627
0.007,0.071,0.144,-0.0035,-0.0142,0.092,0.309017,0.951057,-5.82354e-17,1.89218e-17
0.007,0.071,0.144,0.0035,0.0142,0.092,0.951057,-0.309017,-1.89218e-17,-5.82354e-17
0.007,0.071,0.144,-0.0035,0.0142,-0.092,3.78436e-17,1.16471e-16,0.951057,-0.309017
0.007,0.071,0.144,0.0035,-0.0142,-0.092,3.93136e-17,-7.71573e-17,0.309017,0.951057
0.007,0.071,0.144,-0.0035,-1.73472e-18,0.092,0.587785,0.809017,-4.9538e-17,3.59915e-17
0.007,0.071,0.144,0.0035,2.16335e-18,0.092,0.809017,-0.587785,-3.59915e-17,-4.9538e-17
0.007,0.071,0.144,-0.0035,-9.53203e-18,-0.092,-7.19829e-17,-9.9076e-17,-0.809017,0.587785
0.007,0.071,0.144,0.0035,-1.73472e-18,-0.092,1.35465e-17,-8.55295e-17,0.587785,0.809017
0.007,0.071,0.144,-0.0035,0.0213,0.092,1,0,0,6.12323e-17
0.007,0.071,0.144,0.0035,-0.0213,0.092,-6.12323e-17,1,6.12323e-17,-3.7494e-33
0.007,0.071,0.144,-0.0035,-0.0213,-0.092,-1.22465e-16,0,0,1
0.007,0.071,0.144,0.0035,0.0213,-0.092,-6.12323e-17,-6.12323e-17,1,-3.7494e-33
0.007,0.071,0.144,-0.0035,0.0284,0.092,1,0,0,6.12323e-17
0.007,0.071,0.144,0.0035,-0.0284,0.092,-6.12323e-17,1,6.12323e-17,-3.7494e-33
0.007,0.071,0.144,-0.0035,-0.0284,-0.092,-1.22465e-16,0,0,1
0.007,0.071,0.144,0.0035,0.0284,-0.092,-6.12323e-17,-6.12323e-17,1,-3.7494e-33
0.007,0.071,0.144,-0.0028,-0.0213,0.092,0.309017,0.951057,-5.82354e-17,1.89218e-17
0.007,0.071,0.144,0.0028,0.0213,0.092,0.951057,-0.309017,-1.89218e-17,-5.82354e-17
0.007,0.071,0.144,-0.0028,0.0213,-0.092,3.78436e-17,1.16471e-16,0.951057,-0.309017
0.007,0.071,0.144,0.0028,-0.0213,-0.092,3.93136e-17,-7.71573e-17,0.309017,0.951057
0.007,0.071,0.144,-0.0028,-0.0142,0.092,0.309017,0.951057,-5.82354e-17,1.89218e-17
0.007,0.071,0.144,0.0028,0.0142,0.092,0.951057,-0.309017,-1.89218e-17,-5.82354e-17
0.007,0.071,0.144,-0.0028,0.0142,-0.092,3.78436e-17,1.16471e-16,0.951057,-0.309017
0.007,0.071,0.144,0.0028,-0.0142,-0.092,3.93136e-17,-7.71573e-17,0.309017,0.951057
0.007,0.071,0.144,-0.0028,0.0213,0.092,1,0,0,6.12323e-17
0.007,0.071,0.144,0.0028,-0.0213,0.092,-6.12323e-17,1,6.12323e-17,-3.7494e-33
0.007,0.071,0.144,-0.0028,-0.0213,-0.092,-1.22465e-16,0,0,1
0.007,0.071,0.144,0.0028,0.0213,-0.092,-6.12323e-17,-6.12323e-17,1,-3.7494e-33
0.007,0.071,0.144,-0.0021,-0.0213,0.092,6.12323e-17,1,-6.12323e-17,3.7494e-33
0.007,0.071,0.144,0.0021,0.0213,0.092,1,3.99574e-23,-7.4988e-33,-6.12323e-17
0.007,0.071,0.144,-0.0021,0.0213,-0.092,7.4988e-33,1.22465e-16,1,-6.12323e-17
0.007,0.071,0.144,0.0021,-0.0213,-0.092,6.12323e-17,-6.12323e-17,6.12323e-17,1
0.007,0.071,0.144,-0.0021,-0.0142,0.092,0.309017,0.951057,-5.82354e-17,1.89218e-17
0.007,0.071,0.144,0.0021,0.0142,0.092,0.951057,-0.309017,-1.89218e-17,-5.82354e-17
0.007,0.071,0.144,-0.0021,0.0142,-0.092,3.78436e-17,1.16471e-16,0.951057,-0.309017
0.007,0.071,0.144,0.0021,-0.0142,-0.092,3.93136e-17,-7.71573e-17,0.309017,0.951057
0.007,0.071,0.144,-0.0021,0.0213,0.092,1,0,0,6.12323e-17
0.007,0.071,0.144,0.0021,-0.0213,0.092,-6.12323e-17,1,6.12323e-17,-3.7494e-33
0.007,0.071,0.144,-0.0021,-0.0213,-0.092,-1.22465e-16,0,0,1
0.007,0.071,0.144,0.0021,0.0213,-0.092,-6.12323e-17,-6.12323e-17,1,-3.7494e-33
0.007,0.071,0.144,-0.0021,0.0284,0.092,1,0,0,6.12323e-17
0.007,0.071,0.144,0.0021,-0.0284,0.092,-6.12323e-17,1,6.12323e-17,-3.7494e-33
0.007,0.071,0.144,-0.0021,-0.0284,-0.092,-1.22465e-16,0,0,1
0.007,0.071,0.144,0.0021,0.0284,-0.092,-6.12323e-17,-6.12323e-17,1,-3.7494e-33
0.007,0.071,0.144,-0.0014,-0.0213,0.092,6.12323e-17,1,-6.12323e-17,3.7494e-33
0.007,0.071,0.144,0.0014,0.0213,0.092,1,3.99574e-23,-7.4988e-33,-6.12323e-17
0.007,0.071,0.144,-0.0014,0.0213,-0.092,7.4988e-33,1.22465e-16,1,-6.12323e-17
0.007,0.071,0.144,0.0014,-0.0213,-0.092,6.12323e-17,-6.12323e-17,6.12323e-17,1
0.007,0.071,0.144,-0.0014,-0.0142,0.092,-0.309017,0.951057,-5.82354e-17,-1.89218e-17
0.007,0.071,0.144,0.0014,0.0142,0.092,0.951057,0.309017,1.89218e-17,-5.82354e-17
0.007,0.071,0.144,-0.0014,0.0142,-0.092,-3.78436e-17,1.16471e-16,0.951057,0.309017
0.007,0.071,0.144,0.0014,-0.0142,-0.092,7.71572e-17,-3.93136e-17,-0.309017,0.951057
0.007,0.071,0.144,-0.0014,0.0213,0.092,1,0,0,6.12323e-17
0.007,0.071,0.144,0.0014,-0.0213,0.092,-6.12323e-17,1,6.12323e-17,-3.7494e-33
0.007,0.071,0.144,-0.0014,-0.0213,-0.092,-1.22465e-16,0,0,1
0.007,0.071,0.144,0.0014,0.0213,-0.092,-6.12323e-17,-6.12323e-17,1,-3.7494e-33
0.007,0.071,0.144,-0.0014,0.0284,0.092,1,0,0,6.12323e-17
0.007,0.071,0.144,0.0014,-0.0284,0.092,-6.12323e-17,1,6.12323e-17,-3.7494e-33
0.007,0.071,0.144,-0.0014,-0.0284,-0.092,-1.22465e-16,0,0,1
0.007,0.071,0.144,0.0014,0.0284,-0.092,-6.12323e-17,-6.12323e-17,1,-3.7494e-33
0.007,0.071,0.144,-0.0007,-0.0213,0.092,6.12323e-17,1,-6.12323e-17,3.7494e-33
0.007,0.071,0.144,0.0007,0.0213,0.092,1,3.99574e-23,-7.4988e-33,-6.12323e-17
0.007,0.071,0.144,-0.0007,0.0213,-0.092,7.4988e-33,1.22465e-16,1,-6.12323e-17
0.007,0.071,0.144,0.0007,-0.0213,-0.092,6.12323e-17,-6.12323e-17,6.12323e-17,1
0.007,0.071,0.144,-0.0007,-0.0071,0.092,0.587785,0.809017,-4.9538e-17,3.59915e-17
0.007,0.071,0.144,0.0007,0.0071,0.092,0.809017,-0.587785,-3.59915e-17,-4.9538e-17
0.007,0.071,0.144,-0.0007,0.0071,-0.092,-7.19829e-17,-9.9076e-17,-0.809017,0.587785
0.007,0.071,0.144,0.0007,-0.0071,-0.092,1.35465e-17,-8.55295e-17,0.587785,0.809017
0.007,0.071,0.144,-0.0007,0.0213,0.092,1,0,0,6.12323e-17
0.007,0.071,0.144,0.0007,-0.0213,0.092,-6.12323e-17,1,6.12323e-17,-3.7494e-33
0.007,0.071,0.144,-0.0007,-0.0213,-0.092,-1.22465e-16,0,0,1
0.007,0.071,0.144,0.0007,0.0213,-0.092,-6.12323e-17,-6.12323e-17,1,-3.7494e-33
0.007,0.071,0.144,-0.0007,0.0284,0.092,1,0,0,6.12323e-17
0.007,0.071,0.144,0.0007,-0.0284,0.092,-6.12323e-17,1,6.12323e-17,-3.7494e-33
0.007,0.071,0.144,-0.0007,-0.0284,-0.092,-1.22465e-16,0,0,1
0.007,0.071,0.144,0.0007,0.0284,-0.092,-6.12323e-17,-6.12323e-17,1,-3.7494e-33
0.007,0.071,0.144,-0.0007,0.0355,0.092,1,0,0,6.12323e-17
0.007,0.071,0.144,0.0007,-0.0355,0.092,-6.12323e-17,1,6.12323e-17,-3.7494e-33
0.007,0.071,0.144,-0.0007,-0.0355,-0.092,-1.22465e-16,0,0,1
0.007,0.071,0.144,0.0007,0.0355,-0.092,-6.12323e-17,-6.12323e-17,1,-3.7494e-33
0.007,0.071,0.144,2.1684e-19,-0.0213,0.092,6.12323e-17,1,-6.12323e-17,3.7494e-33
0.007,0.071,0.144,-2.82534e-18,0.0213,0.092,1,3.99574e-23,-7.4988e-33,-6.12323e-17
0.007,0.071,0.144,2.1684e-19,0.0213,-0.092,7.4988e-33,1.22465e-16,1,-6.12323e-17
0.007,0.071,0.144,1.10499e-17,-0.0213,-0.092,6.12323e-17,-6.12323e-17,6.12323e-17,1
0.007,0.071,0.144,2.1684e-19,-0.0213,0.092,0.309017,0.951057,-5.82354e-17,1.89218e-17
0.007,0.071,0.144,-2.82534e-18,0.0213,0.092,0.951057,-0.309017,-1.89218e-17,-5.82354e-17
0.007,0.071,0.144,2.1684e-19,0.0213,-0.092,3.78436e-17,1.16471e-16,0.951057,-0.309017
0.007,0.071,0.144,1.10499e-17,-0.0213,-0.092,3.93136e-17,-7.71573e-17,0.309017,0.951057
0.007,0.071,0.144,2.1684e-19,-0.0142,0.092,0.587785,0.809017,-4.9538e-17,3.59915e-17
0.007,0.071,0.144,-1.95584e-18,0.0142,0.092,0.809017,-0.587785,-3.59915e-17,-4.9538e-17
0.007,0.071,0.144,2.1684e-19,0.0142,-0.092,-7.19829e-17,-9.9076e-17,-0.809017,0.587785
0.007,0.071,0.144,1.10499e-17,-0.0142,-0.092,1.35465e-17,-8.55295e-17,0.587785,0.809017
0.007,0.071,0.144,2.1684e-19,-0.0142,0.092,0.809017,-0.587785,-7.19829e-17,4.9538e-17
0.007,0.071,0.144,-1.95584e-18,0.0142,0.092,0.587785,0.809017,4.9538e-17,7.19829e-17
0.007,0.071,0.144,2.1684e-19,0.0142,-0.092,-9.9076e-17,-3.59914e-17,0.587785,0.809017
0.007,0.071,0.144,1.10499e-17,-0.0142,-0.092,-2.24449e-17,1.35465e-17,-0.809017,0.587785
0.007,0.071,0.144,2.1684e-19,-0.0142,0.092,-0.309017,0.951057,-5.82354e-17,-1.89218e-17
0.007,0.071,0.144,-1.95584e-18,0.0142,0.092,0.951057,0.309017,1.89218e-17,-5.82354e-17
0.007,0.071,0.144,2.1684e-19,0.0142,-0.092,-3.78436e-17,1.16471e-16,0.951057,0.309017
0.007,0.071,0.144,1.10499e-17,-0.0142,-0.092,7.71572e-17,-3.93136e-17,-0.309017,0.951057
0.007,0.071,0.144,2.1684e-19,-0.0071,0.092,0.587785,0.809017,-4.9538e-17,3.59915e-17
0.007,0.071,0.144,-1.08634e-18,0.0071,0.092,0.809017,-0.587785,-3.59915e-17,-4.9538e-17
0.007,0.071,0.144,2.1684e-19,0.0071,-0.092,-7.19829e-17,-9.9076e-17,-0.809017,0.587785
0.007,0.071,0.144,1.10499e-17,-0.0071,-0.092,1.35465e-17,-8.55295e-17,0.587785,0.809017
0.007,0.071,0.144,2.1684e-19,0.0213,0.092,1,0,0,6.12323e-17
0.007,0.071,0.144,2.39166e-18,-0.0213,0.092,-6.12323e-17,1,6.12323e-17,-3.7494e-33
0.007,0.071,0.144,2.1684e-19,-0.0213,-0.092,-1.22465e-16,0,0,1
0.007,0.071,0.144,1.10499e-17,0.0213,-0.092,-6.12323e-17,-6.12323e-17,1,-3.7494e-33
0.007,0.071,0.144,2.1684e-19,0.0284,0.092,1,0,0,6.12323e-17
0.007,0.071,0.144,3.26116e-18,-0.0284,0.092,-6.12323e-17,1,6.12323e-17,-3.7494e-33
0.007,0.071,0.144,2.1684e-19,-0.0284,-0.092,-1.22465e-16,0,0,1
0.007,0.071,0.144,1.10499e-17,0.0284,-0.092,-6.12323e-17,-6.12323e-17,1,-3.7494e-33
0.007,0.071,0.144,0.0007,-0.0213,0.092,6.12323e-17,1,-6.12323e-17,3.7494e-33
0.007,0.071,0.144,-0.0007,0.0213,0.092,1,3.99574e-23,-7.4988e-33,-6.12323e-17
0.007,0.071,0.144,0.0007,0.0213,-0.092,7.4988e-33,1.22465e-16,1,-6.12323e-17
0.007,0.071,0.144,-0.0007,-0.0213,-0.092,6.12323e-17,-6.12323e-17,6.12323e-17,1
0.007,0.071,0.144,0.0007,-0.0142,0.092,0.809017,-0.587785,-7.19829e-17,4.9538e-17
0.007,0.071,0.144,-0.0007,0.0142,0.092,0.587785,0.809017,4.9538e-17,7.19829e-17
0.007,0.071,0.144,0.0007,0.0142,-0.092,-9.9076e-17,-3.59914e-17,0.587785,0.809017
0.007,0.071,0.144,-0.0007,-0.0142,-0.092,-2.24449e-17,1.35465e-17,-0.809017,0.587785
0.007,0.071,0.144,0.0007,-0.0142,0.092,-0.309017,0.951057,-5.82354e-17,-1.89218e-17
0.007,0.071,0.144,-0.0007,0.0142,0.092,0.951057,0.309017,1.89218e-17,-5.82354e-17
0.007,0.071,0.144,0.0007,0.0142,-0.092,-3.78436e-17,1.16471e-16,0.951057,0.309017
0.007,0.071,0.144,-0.0007,-0.0142,-0.092,7.71572e-17,-3.93136e-17,-0.309017,0.951057
0.007,0.071,0.144,0.0007,-0.0071,0.092,0.587785,0.809017,-4.9538e-17,3.59915e-17
0.007,0.071,0.144,-0.0007,0.0071,0.092,0.809017,-0.587785,-3.59915e-17,-4.9538e-17
0.007,0.071,0.144,0.0007,0.0071,-0.092,-7.19829e-17,-9.9076e-17,-0.809017,0.587785
0.007,0.071,0.144,-0.0007,-0.0071,-0.092,1.35465e-17,-8.55295e-17,0.587785,0.809017
0.007,0.071,0.144,0.0007,0.0213,0.092,1,0,0,6.12323e-17
0.007,0.071,0.144,-0.0007,-0.0213,0.092,-6.12323e-17,1,6.12323e-17,-3.7494e-33
0.007,0.071,0.144,0.0007,-0.0213,-0.092,-1.22465e-16,0,0,1
0.007,0.071,0.144,-0.0007,0.0213,-0.092,-6.12323e-17,-6.12323e-17,1,-3.7494e-33
0.007,0.071,0.144,0.0007,0.0284,0.092,1,0,0,6.12323e-17
0.007,0.071,0.144,-0.0007,-0.0284,0.092,-6.12323e-17,1,6.12323e-17,-3.7494e-33
0.007,0.071,0.144,0.0007,-0.0284,-0.092,-1.22465e-16,0,0,1
0.007,0.071,0.144,-0.0007,0.0284,-0.092,-6.12323e-17,-6.12323e-17,1,-3.7494e-33
0.007,0.071,0.144,0.0014,-0.0213,0.092,6.12323e-17,1,-6.12323e-17,3.7494e-33
0.007,0.071,0.144,-0.0014,0.0213,0.092,1,3.99574e-23,-7.4988e-33,-6.12323e-17
0.007,0.071,0.144,0.0014,0.0213,-0.092,7.4988e-33,1.22465e-16,1,-6.12323e-17
0.007,0.071,0.144,-0.0014,-0.0213,-0.092,6.12323e-17,-6.12323e-17,6.12323e-17,1
0.007,0.071,0.144,0.0014,-0.0142,0.092,0.809017,-0.587785,-7.19829e-17,4.9538e-17
0.007,0.071,0.144,-0.0014,0.0142,0.092,0.587785,0.809017,4.9538e-17,7.19829e-17
0.007,0.071,0.144,0.0014,0.0142,-0.092,-9.9076e-17,-3.59914e-17,0.587785,0.809017
0.007,0.071,0.144,-0.0014,-0.0142,-0.092,-2.24449e-17,1.35465e-17,-0.809017,0.587785
0.007,0.071,0.144,0.0014,-0.0142,0.092,-0.309017,0.951057,-5.82354e-17,-1.89218e-17
0.007,0.071,0.144,-0.0014,0.0142,0.092,0.951057,0.309017,1.89218e-17,-5.82354e-17
0.007,0.071,0.144,0.0014,0.0142,-0.092,-3.78436e-17,1.16471e-16,0.951057,0.309017
0.007,0.071,0.144,-0.0014,-0.0142,-0.092,7.71572e-17,-3.93136e-17,-0.309017,0.951057
0.007,0.071,0.144,0.0014,0.0213,0.092,1,0,0,6.12323e-17
0.007,0.071,0.144,-0.0014,-0.0213,0.092,-6.12323e-17,1,6.12323e-17,-3.7494e-33
0.007,0.071,0.144,0.0014,-0.0213,-0.092,-1.22465e-16,0,0,1
0.007,0.071,0.144,-0.0014,0.0213,-0.092,-6.12323e-17,-6.12323e-17,1,-3.7494e-33
0.007,0.071,0.144,0.0014,0.0284,0.092,1,0,0,6.12323e-17
0.007,0.071,0.144,-0.0014,-0.0284,0.092,-6.12323e-17,1,6.12323e-17,-3.7494e-33
0.007,0.071,0.144,0.0014,-0.0284,-0.092,-1.22465e-16,0,0,1
0.007,0.071,0.144,-0.0014,0.0284,-0.092,-6.12323e-17,-6.12323e-17,1,-3.7494e-33
0.007,0.071,0.144,0.0021,-0.0213,0.092,6.12323e-17,1,-6.12323e-17,3.7494e-33
0.007,0.071,0.144,-0.0021,0.0213,0.092,1,3.99574e-23,-7.4988e-33,-6.12323e-17
0.007,0.071,0.144,0.0021,0.0213,-0.092,7.4988e-33,1.22465e-16,1,-6.12323e-17
0.007,0.071,0.144,-0.0021,-0.0213,-0.092,6.12323e-17,-6.12323e-17,6.12323e-17,1
0.007,0.071,0.144,0.0021,-0.0142,0.092,0.809017,-0.587785,-7.19829e-17,4.9538e-17
0.007,0.071,0.144,-0.0021,0.0142,0.092,0.587785,0.809017,4.9538e-17,7.19829e-17
0.007,0.071,0.144,0.0021,0.0142,-0.092,-9.9076e-17,-3.59914e-17,0.587785,0.809017
0.007,0.071,0.144,-0.0021,-0.0142,-0.092,-2.24449e-17,1.35465e-17,-0.809017,0.587785
0.007,0.071,0.144,0.0021,-0.0142,0.092,-0.309017,0.951057,-5.82354e-17,-1.89218e-17
0.007,0.071,0.144,-0.0021,0.0142,0.092,0.951057,0.309017,1.89218e-17,-5.82354e-17
0.007,0.071,0.144,0.0021,0.0142,-0.092,-3.78436e-17,1.16471e-16,0.951057,0.309017
0.007,0.071,0.144,-0.0021,-0.0142,-0.092,7.71572e-17,-3.93136e-17,-0.309017,0.951057
0.007,0.071,0.144,0.0021,0.0213,0.092,1,0,0,6.12323e-17
0.007,0.071,0.144,-0.0021,-0.0213,0.092,-6.12323e-17,1,6.12323e-17,-3.7494e-33
0.007,0.071,0.144,0.0021,-0.0213,-0.092,-1.22465e-16,0,0,1
0.007,0.071,0.144,-0.0021,0.0213,-0.092,-6.12323e-17,-6.12323e-17,1,-3.7494e-33
0.007,0.071,0.144,0.0028,-0.0355,0.092,6.12323e-17,1,-6.12323e-17,3.7494e-33
0.007,0.071,0.144,-0.0028,0.0355,0.092,1,3.99574e-23,-7.4988e-33,-6.12323e-17
0.007,0.071,0.144,0.0028,0.0355,-0.092,7.4988e-33,1.22465e-16,1,-6.12323e-17
0.007,0.071,0.144,-0.0028,-0.0355,-0.092,6.12323e-17,-6.12323e-17,6.12323e-17,1
0.007,0.071,0.144,0.0028,-0.0213,0.092,6.12323e-17,1,-6.12323e-17,3.7494e-33
0.007,0.071,0.144,-0.0028,0.0213,0.092,1,3.99574e-23,-7.4988e-33,-6.12323e-17
0.007,0.071,0.144,0.0028,0.0213,-0.092,7.4988e-33,1.22465e-16,1,-6.12323e-17
0.007,0.071,0.144,-0.0028,-0.0213,-0.092,6.12323e-17,-6.12323e-17,6.12323e-17,1
0.007,0.071,0.144,0.0028,-0.0213,0.092,0.309017,0.951057,-5.82354e-17,1.89218e-17
0.007,0.071,0.144,-0.0028,0.0213,0.092,0.951057,-0.309017,-1.89218e-17,-5.82354e-17
0.007,0.071,0.144,0.0028,0.0213,-0.092,3.78436e-17,1.16471e-16,0.951057,-0.309017
0.007,0.071,0.144,-0.0028,-0.0213,-0.092,3.93136e-17,-7.71573e-17,0.309017,0.951057
0.007,0.071,0.144,0.0028,-0.0142,0.092,0.809017,-0.587785,-7.19829e-17,4.9538e-17
0.007,0.071,0.144,-0.0028,0.0142,0.092,0.587785,0.809017,4.9538e-17,7.19829e-17
0.007,0.071,0.144,0.0028,0.0142,-0.092,-9.9076e-17,-3.59914e-17,0.587785,0.809017
0.007,0.071,0.144,-0.0028,-0.0142,-0.092,-2.24449e-17,1.35465e-17,-0.809017,0.587785
0.007,0.071,0.144,0.0028,-0.0142,0.092,-0.309017,0.951057,-5.82354e-17,-1.89218e-17
0.007,0.071,0.144,-0.0028,0.0142,0.092,0.951057,0.309017,1.89218e-17,-5.82354e-17
0.007,0.071,0.144,0.0028,0.0142,-0.092,-3.78436e-17,1.16471e-16,0.951057,0.309017
0.007,0.071,0.144,-0.0028,-0.0142,-0.092,7.71572e-17,-3.93136e-17,-0.309017,0.951057
0.007,0.071,0.144,0.0028,0.0213,0.092,1,0,0,6.12323e-17
0.007,0.071,0.144,-0.0028,-0.0213,0.092,-6.12323e-17,1,6.12323e-17,-3.7494e-33
0.007,0.071,0.144,0.0028,-0.0213,-0.092,-1.22465e-16,0,0,1
0.007,0.071,0.144,-0.0028,0.0213,-0.092,-6.12323e-17,-6.12323e-17,1,-3.7494e-33
