0.0617917 0.04 0.04 0.2 0.04 -0.02 -0.02 0 -0.707107 0 0.707106
0.0617917 0.04 0.04 0.2 0.04 -0.02 -0.02 -0.707106 4.32978e-17 0.707107 -4.32977e-17
0.0617917 0.04 0.04 0.2 0.04 -0.02 -0.02 0.707107 4.32978e-17 0.707106 -4.32977e-17
0.0617917 0.04 0.04 0.2 0.04 -0.02 -0.02 0 0.707106 0 0.707107
0.0852852 0.04 0.04 0.2 -0.04 -0.02 6.93889e-18 0 0.707107 0 0.707106
0.0852852 0.04 0.04 0.2 -0.04 -0.02 6.93889e-18 0.707106 4.32978e-17 0.707107 4.32977e-17
0.0852852 0.04 0.04 0.2 -0.04 -0.02 6.93889e-18 0.707107 4.32978e-17 -0.707106 4.32977e-17
0.0852852 0.04 0.04 0.2 -0.04 -0.02 6.93889e-18 0 -0.707106 0 0.707107
0.0304523 0.04 0.04 0.2 -0.04 -0.02 0.02 -0.218508 0.672498 -0.218508 0.672499
0.0304523 0.04 0.04 0.2 -0.04 -0.02 0.02 0.672499 0.218508 0.672498 0.218508
0.0304523 0.04 0.04 0.2 -0.04 -0.02 0.02 -0.672498 -0.218508 0.672499 0.218508
0.0304523 0.04 0.04 0.2 -0.04 -0.02 0.02 0.218508 -0.672499 -0.218508 0.672498
0.111746 0.04 0.04 0.2 -0.04 -0.02 0.02 0 0.707107 0 0.707106
0.111746 0.04 0.04 0.2 -0.04 -0.02 0.02 0.707106 4.32978e-17 0.707107 4.32977e-17
0.111746 0.04 0.04 0.2 -0.04 -0.02 0.02 0.707107 4.32978e-17 -0.707106 4.32977e-17
0.111746 0.04 0.04 0.2 -0.04 -0.02 0.02 0 -0.707106 0 0.707107
0.0537423 0.04 0.04 0.2 0.04 -0.02 0.04 0.218508 -0.672498 -0.218508 0.672499
0.0537423 0.04 0.04 0.2 0.04 -0.02 0.04 0.672499 0.218508 -0.672498 -0.218508
0.0537423 0.04 0.04 0.2 0.04 -0.02 0.04 0.672498 0.218508 0.672499 0.218508
0.0537423 0.04 0.04 0.2 0.04 -0.02 0.04 -0.218508 0.672499 -0.218508 0.672498
0.0219829 0.04 0.04 0.2 0.04 -0.02 0.04 0 -0.707107 0 0.707106
0.0219829 0.04 0.04 0.2 0.04 -0.02 0.04 -0.707106 4.32978e-17 0.707107 -4.32977e-17
0.0219829 0.04 0.04 0.2 0.04 -0.02 0.04 0.707107 4.32978e-17 0.707106 -4.32977e-17
0.0219829 0.04 0.04 0.2 0.04 -0.02 0.04 0 0.707106 0 0.707107
0.0783982 0.04 0.04 0.2 -0.04 -0.02 0.04 -0.218508 0.672498 -0.218508 0.672499
0.0783982 0.04 0.04 0.2 -0.04 -0.02 0.04 0.672499 0.218508 0.672498 0.218508
0.0783982 0.04 0.04 0.2 -0.04 -0.02 0.04 -0.672498 -0.218508 0.672499 0.218508
0.0783982 0.04 0.04 0.2 -0.04 -0.02 0.04 0.218508 -0.672499 -0.218508 0.672498
0.0064316 0.04 0.04 0.2 -0.04 -0.02 0.04 0 0.707107 0 0.707106
0.0064316 0.04 0.04 0.2 -0.04 -0.02 0.04 0.707106 4.32978e-17 0.707107 4.32977e-17
0.0064316 0.04 0.04 0.2 -0.04 -0.02 0.04 0.707107 4.32978e-17 -0.707106 4.32977e-17
0.0064316 0.04 0.04 0.2 -0.04 -0.02 0.04 0 -0.707106 0 0.707107
0.045546 0.04 0.04 0.2 0.04 -0.016 6.93889e-18 0 -0.707107 0 0.707106
0.045546 0.04 0.04 0.2 0.04 -0.016 6.93889e-18 -0.707106 4.32978e-17 0.707107 -4.32977e-17
0.045546 0.04 0.04 0.2 0.04 -0.016 6.93889e-18 0.707107 4.32978e-17 0.707106 -4.32977e-17
0.045546 0.04 0.04 0.2 0.04 -0.016 6.93889e-18 0 0.707106 0 0.707107
0.101719 0.04 0.04 0.2 -0.04 -0.016 6.93889e-18 0 0.707107 0 0.707106
0.101719 0.04 0.04 0.2 -0.04 -0.016 6.93889e-18 0.707106 4.32978e-17 0.707107 4.32977e-17
0.101719 0.04 0.04 0.2 -0.04 -0.016 6.93889e-18 0.707107 4.32978e-17 -0.707106 4.32977e-17
0.101719 0.04 0.04 0.2 -0.04 -0.016 6.93889e-18 0 -0.707106 0 0.707107
0.219386 0.04 0.04 0.2 0.04 -0.016 0.02 0 -0.707107 0 0.707106
0.219386 0.04 0.04 0.2 0.04 -0.016 0.02 -0.707106 4.32978e-17 0.707107 -4.32977e-17
0.219386 0.04 0.04 0.2 0.04 -0.016 0.02 0.707107 4.32978e-17 0.707106 -4.32977e-17
0.219386 0.04 0.04 0.2 0.04 -0.016 0.02 0 0.707106 0 0.707107
0.0631868 0.04 0.04 0.2 0.04 -0.016 0.04 0 -0.707107 0 0.707106
0.0631868 0.04 0.04 0.2 0.04 -0.016 0.04 -0.707106 4.32978e-17 0.707107 -4.32977e-17
0.0631868 0.04 0.04 0.2 0.04 -0.016 0.04 0.707107 4.32978e-17 0.707106 -4.32977e-17
0.0631868 0.04 0.04 0.2 0.04 -0.016 0.04 0 0.707106 0 0.707107
0.153557 0.04 0.04 0.2 -0.04 0.016 -0.02 0.707107 -4.32978e-17 0.707107 -4.32978e-17
0.153557 0.04 0.04 0.2 -0.04 0.016 -0.02 -1.62102e-23 0.707107 -1.62102e-23 0.707107
0.153557 0.04 0.04 0.2 -0.04 0.016 -0.02 1.40377e-23 -0.707107 8.65956e-17 0.707107
0.153557 0.04 0.04 0.2 -0.04 0.016 -0.02 0.707107 -4.32978e-17 -0.707107 4.32978e-17
0.0394643 0.04 0.04 0.2 0.04 0.016 0.02 0.707107 -4.32978e-17 -0.707107 4.32978e-17
0.0394643 0.04 0.04 0.2 0.04 0.016 0.02 -8.65956e-17 -0.707107 8.65956e-17 0.707107
0.0394643 0.04 0.04 0.2 0.04 0.016 0.02 -1.40377e-23 0.707107 8.65956e-17 0.707107
0.0394643 0.04 0.04 0.2 0.04 0.016 0.02 0.707107 -4.32978e-17 0.707107 -4.32978e-17
0.0438511 0.04 0.04 0.2 0.04 0.016 0.04 0.707107 -4.32978e-17 -0.707107 4.32978e-17
0.0438511 0.04 0.04 0.2 0.04 0.016 0.04 -8.65956e-17 -0.707107 8.65956e-17 0.707107
0.0438511 0.04 0.04 0.2 0.04 0.016 0.04 -1.40377e-23 0.707107 8.65956e-17 0.707107
0.0438511 0.04 0.04 0.2 0.04 0.016 0.04 0.707107 -4.32978e-17 0.707107 -4.32978e-17
0.0838025 0.04 0.04 0.2 -0.04 0.02 6.93889e-18 0.707107 -4.32978e-17 0.707107 -4.32978e-17
0.0838025 0.04 0.04 0.2 -0.04 0.02 6.93889e-18 -1.62102e-23 0.707107 -1.62102e-23 0.707107
0.0838025 0.04 0.04 0.2 -0.04 0.02 6.93889e-18 1.40377e-23 -0.707107 8.65956e-17 0.707107
0.0838025 0.04 0.04 0.2 -0.04 0.02 6.93889e-18 0.707107 -4.32978e-17 -0.707107 4.32978e-17
0.0535595 0.04 0.04 0.2 0.04 0.02 0.02 -0.672498 -0.218508 0.672499 0.218508
0.0535595 0.04 0.04 0.2 0.04 0.02 0.02 0.218508 -0.672499 -0.218508 0.672498
0.0535595 0.04 0.04 0.2 0.04 0.02 0.02 -0.218508 0.672498 -0.218508 0.672499
0.0535595 0.04 0.04 0.2 0.04 0.02 0.02 0.672499 0.218508 0.672498 0.218508
0.0825982 0.04 0.04 0.2 -0.04 0.02 0.02 0.672498 0.218508 0.672499 0.218508
0.0825982 0.04 0.04 0.2 -0.04 0.02 0.02 -0.218508 0.672499 -0.218508 0.672498
0.0825982 0.04 0.04 0.2 -0.04 0.02 0.02 0.218508 -0.672498 -0.218508 0.672499
0.0825982 0.04 0.04 0.2 -0.04 0.02 0.02 0.672499 0.218508 -0.672498 -0.218508
0.0542952 0.04 0.04 0.2 0.04 0.02 0.04 0.707107 -4.32978e-17 -0.707107 4.32978e-17
0.0542952 0.04 0.04 0.2 0.04 0.02 0.04 -8.65956e-17 -0.707107 8.65956e-17 0.707107
0.0542952 0.04 0.04 0.2 0.04 0.02 0.04 -1.40377e-23 0.707107 8.65956e-17 0.707107
0.0542952 0.04 0.04 0.2 0.04 0.02 0.04 0.707107 -4.32978e-17 0.707107 -4.32978e-17
0.00172104 0.04 0.04 0.2 0.04 0.02 0.04 -0.672498 -0.218508 0.672499 0.218508
0.00172104 0.04 0.04 0.2 0.04 0.02 0.04 0.218508 -0.672499 -0.218508 0.672498
0.00172104 0.04 0.04 0.2 0.04 0.02 0.04 -0.218508 0.672498 -0.218508 0.672499
0.00172104 0.04 0.04 0.2 0.04 0.02 0.04 0.672499 0.218508 0.672498 0.218508
0.24638 0.04 0.04 0.2 -0.04 0.02 0.06 0.672498 0.218508 0.672499 0.218508
0.24638 0.04 0.04 0.2 -0.04 0.02 0.06 -0.218508 0.672499 -0.218508 0.672498
0.24638 0.04 0.04 0.2 -0.04 0.02 0.06 0.218508 -0.672498 -0.218508 0.672499
0.24638 0.04 0.04 0.2 -0.04 0.02 0.06 0.672499 0.218508 -0.672498 -0.218508
0.114157 0.04 0.04 0.2 -0.04 0.02 0.08 0.672498 0.218508 0.672499 0.218508
0.114157 0.04 0.04 0.2 -0.04 0.02 0.08 -0.218508 0.672499 -0.218508 0.672498
0.114157 0.04 0.04 0.2 -0.04 0.02 0.08 0.218508 -0.672498 -0.218508 0.672499
0.114157 0.04 0.04 0.2 -0.04 0.02 0.08 0.672499 0.218508 -0.672498 -0.218508
0.221117 0.04 0.04 0.2 -0.02 0.04 -0.02 0.415627 0.572061 -0.572061 0.415629
0.221117 0.04 0.04 0.2 -0.02 0.04 -0.02 0.415629 0.572061 0.572061 -0.415627
0.221117 0.04 0.04 0.2 -0.02 0.04 -0.02 -0.572061 0.415627 0.415629 0.572061
0.221117 0.04 0.04 0.2 -0.02 0.04 -0.02 0.572061 -0.415629 0.415627 0.572061
0.294115 0.04 0.04 0.2 -0.02 -0.04 0.02 -0.415627 -0.572061 -0.572061 0.415629
0.294115 0.04 0.04 0.2 -0.02 -0.04 0.02 0.415629 0.572061 -0.572061 0.415627
0.294115 0.04 0.04 0.2 -0.02 -0.04 0.02 0.572061 -0.415627 0.415629 0.572061
0.294115 0.04 0.04 0.2 -0.02 -0.04 0.02 -0.572061 0.415629 0.415627 0.572061
0.126011 0.04 0.04 0.2 -0.02 0.04 0.04 0.415627 0.572061 -0.572061 0.415629
0.126011 0.04 0.04 0.2 -0.02 0.04 0.04 0.415629 0.572061 0.572061 -0.415627
0.126011 0.04 0.04 0.2 -0.02 0.04 0.04 -0.572061 0.415627 0.415629 0.572061
0.126011 0.04 0.04 0.2 -0.02 0.04 0.04 0.572061 -0.415629 0.415627 0.572061
0.028878 0.04 0.04 0.2 -0.02 -0.04 0.04 -0.415627 -0.572061 -0.572061 0.415629
0.028878 0.04 0.04 0.2 -0.02 -0.04 0.04 0.415629 0.572061 -0.572061 0.415627
0.028878 0.04 0.04 0.2 -0.02 -0.04 0.04 0.572061 -0.415627 0.415629 0.572061
0.028878 0.04 0.04 0.2 -0.02 -0.04 0.04 -0.572061 0.415629 0.415627 0.572061
0.32395 0.04 0.04 0.2 -0.02 -0.04 0.06 -0.415627 -0.572061 -0.572061 0.415629
0.32395 0.04 0.04 0.2 -0.02 -0.04 0.06 0.415629 0.572061 -0.572061 0.415627
0.32395 0.04 0.04 0.2 -0.02 -0.04 0.06 0.572061 -0.415627 0.415629 0.572061
0.32395 0.04 0.04 0.2 -0.02 -0.04 0.06 -0.572061 0.415629 0.415627 0.572061
0.0714318 0.04 0.04 0.2 -0.016 -0.04 6.93889e-18 -0.415627 -0.572061 -0.572061 0.415629
0.0714318 0.04 0.04 0.2 -0.016 -0.04 6.93889e-18 0.415629 0.572061 -0.572061 0.415627
0.0714318 0.04 0.04 0.2 -0.016 -0.04 6.93889e-18 0.572061 -0.415627 0.415629 0.572061
0.0714318 0.04 0.04 0.2 -0.016 -0.04 6.93889e-18 -0.572061 0.415629 0.415627 0.572061
0.108837 0.04 0.04 0.2 -0.016 -0.04 0.02 -0.415627 -0.572061 -0.572061 0.415629
0.108837 0.04 0.04 0.2 -0.016 -0.04 0.02 0.415629 0.572061 -0.572061 0.415627
0.108837 0.04 0.04 0.2 -0.016 -0.04 0.02 0.572061 -0.415627 0.415629 0.572061
0.108837 0.04 0.04 0.2 -0.016 -0.04 0.02 -0.572061 0.415629 0.415627 0.572061
0.00241082 0.04 0.04 0.2 -0.016 0.04 0.04 0.415627 0.572061 -0.572061 0.415629
0.00241082 0.04 0.04 0.2 -0.016 0.04 0.04 0.415629 0.572061 0.572061 -0.415627
0.00241082 0.04 0.04 0.2 -0.016 0.04 0.04 -0.572061 0.415627 0.415629 0.572061
0.00241082 0.04 0.04 0.2 -0.016 0.04 0.04 0.572061 -0.415629 0.415627 0.572061
0.0618527 0.04 0.04 0.2 -0.012 0.04 -0.02 0.415627 0.572061 -0.572061 0.415629
0.0618527 0.04 0.04 0.2 -0.012 0.04 -0.02 0.415629 0.572061 0.572061 -0.415627
0.0618527 0.04 0.04 0.2 -0.012 0.04 -0.02 -0.572061 0.415627 0.415629 0.572061
0.0618527 0.04 0.04 0.2 -0.012 0.04 -0.02 0.572061 -0.415629 0.415627 0.572061
0.144872 0.04 0.04 0.2 -0.012 -0.04 6.93889e-18 -0.415627 -0.572061 -0.572061 0.415629
0.144872 0.04 0.04 0.2 -0.012 -0.04 6.93889e-18 0.415629 0.572061 -0.572061 0.415627
0.144872 0.04 0.04 0.2 -0.012 -0.04 6.93889e-18 0.572061 -0.415627 0.415629 0.572061
0.144872 0.04 0.04 0.2 -0.012 -0.04 6.93889e-18 -0.572061 0.415629 0.415627 0.572061
0.151746 0.04 0.04 0.2 -0.012 0.04 0.02 0.415627 0.572061 -0.572061 0.415629
0.151746 0.04 0.04 0.2 -0.012 0.04 0.02 0.415629 0.572061 0.572061 -0.415627
0.151746 0.04 0.04 0.2 -0.012 0.04 0.02 -0.572061 0.415627 0.415629 0.572061
0.151746 0.04 0.04 0.2 -0.012 0.04 0.02 0.572061 -0.415629 0.415627 0.572061
0.132416 0.04 0.04 0.2 -0.012 -0.04 0.02 -0.415627 -0.572061 -0.572061 0.415629
0.132416 0.04 0.04 0.2 -0.012 -0.04 0.02 0.415629 0.572061 -0.572061 0.415627
0.132416 0.04 0.04 0.2 -0.012 -0.04 0.02 0.572061 -0.415627 0.415629 0.572061
0.132416 0.04 0.04 0.2 -0.012 -0.04 0.02 -0.572061 0.415629 0.415627 0.572061
0.116309 0.04 0.04 0.2 -0.012 0.04 0.04 0.415627 0.572061 -0.572061 0.415629
0.116309 0.04 0.04 0.2 -0.012 0.04 0.04 0.415629 0.572061 0.572061 -0.415627
0.116309 0.04 0.04 0.2 -0.012 0.04 0.04 -0.572061 0.415627 0.415629 0.572061
0.116309 0.04 0.04 0.2 -0.012 0.04 0.04 0.572061 -0.415629 0.415627 0.572061
0.592823 0.04 0.04 0.2 -0.012 0.04 0.06 0.415627 0.572061 -0.572061 0.415629
0.592823 0.04 0.04 0.2 -0.012 0.04 0.06 0.415629 0.572061 0.572061 -0.415627
0.592823 0.04 0.04 0.2 -0.012 0.04 0.06 -0.572061 0.415627 0.415629 0.572061
0.592823 0.04 0.04 0.2 -0.012 0.04 0.06 0.572061 -0.415629 0.415627 0.572061
0.184115 0.04 0.04 0.2 -0.008 0.04 -0.02 0.415627 0.572061 -0.572061 0.415629
0.184115 0.04 0.04 0.2 -0.008 0.04 -0.02 0.415629 0.572061 0.572061 -0.415627
0.184115 0.04 0.04 0.2 -0.008 0.04 -0.02 -0.572061 0.415627 0.415629 0.572061
0.184115 0.04 0.04 0.2 -0.008 0.04 -0.02 0.572061 -0.415629 0.415627 0.572061
0.0773835 0.04 0.04 0.2 -0.008 -0.04 6.93889e-18 -0.415627 -0.572061 -0.572061 0.415629
0.0773835 0.04 0.04 0.2 -0.008 -0.04 6.93889e-18 0.415629 0.572061 -0.572061 0.415627
0.0773835 0.04 0.04 0.2 -0.008 -0.04 6.93889e-18 0.572061 -0.415627 0.415629 0.572061
0.0773835 0.04 0.04 0.2 -0.008 -0.04 6.93889e-18 -0.572061 0.415629 0.415627 0.572061
0.0742579 0.04 0.04 0.2 -0.008 0.04 0.02 0.415627 0.572061 -0.572061 0.415629
0.0742579 0.04 0.04 0.2 -0.008 0.04 0.02 0.415629 0.572061 0.572061 -0.415627
0.0742579 0.04 0.04 0.2 -0.008 0.04 0.02 -0.572061 0.415627 0.415629 0.572061
0.0742579 0.04 0.04 0.2 -0.008 0.04 0.02 0.572061 -0.415629 0.415627 0.572061
0.0511558 0.04 0.04 0.2 -0.008 -0.04 0.02 -0.415627 -0.572061 -0.572061 0.415629
0.0511558 0.04 0.04 0.2 -0.008 -0.04 0.02 0.415629 0.572061 -0.572061 0.415627
0.0511558 0.04 0.04 0.2 -0.008 -0.04 0.02 0.572061 -0.415627 0.415629 0.572061
0.0511558 0.04 0.04 0.2 -0.008 -0.04 0.02 -0.572061 0.415629 0.415627 0.572061
0.154128 0.04 0.04 0.2 -0.008 -0.04 0.04 -0.415627 -0.572061 -0.572061 0.415629
0.154128 0.04 0.04 0.2 -0.008 -0.04 0.04 0.415629 0.572061 -0.572061 0.415627
0.154128 0.04 0.04 0.2 -0.008 -0.04 0.04 0.572061 -0.415627 0.415629 0.572061
0.154128 0.04 0.04 0.2 -0.008 -0.04 0.04 -0.572061 0.415629 0.415627 0.572061
0.0349384 0.04 0.04 0.2 0.008 -0.04 6.93889e-18 -0.572061 0.415627 0.415627 0.572062
0.0349384 0.04 0.04 0.2 0.008 -0.04 6.93889e-18 0.572062 -0.415627 0.415627 0.572061
0.0349384 0.04 0.04 0.2 0.008 -0.04 6.93889e-18 -0.415627 -0.572061 0.572062 -0.415627
0.0349384 0.04 0.04 0.2 0.008 -0.04 6.93889e-18 0.415627 0.572062 0.572061 -0.415627
0.0387149 0.04 0.04 0.2 0.008 0.04 0.02 0.572061 -0.415627 0.415627 0.572062
0.0387149 0.04 0.04 0.2 0.008 0.04 0.02 -0.572062 0.415627 0.415627 0.572061
0.0387149 0.04 0.04 0.2 0.008 0.04 0.02 0.415627 0.572061 0.572062 -0.415627
0.0387149 0.04 0.04 0.2 0.008 0.04 0.02 0.415627 0.572062 -0.572061 0.415627
0.00482269 0.04 0.04 0.2 0.008 -0.04 0.04 -0.572061 0.415627 0.415627 0.572062
0.00482269 0.04 0.04 0.2 0.008 -0.04 0.04 0.572062 -0.415627 0.415627 0.572061
0.00482269 0.04 0.04 0.2 0.008 -0.04 0.04 -0.415627 -0.572061 0.572062 -0.415627
0.00482269 0.04 0.04 0.2 0.008 -0.04 0.04 0.415627 0.572062 0.572061 -0.415627
0.0966784 0.04 0.04 0.2 0.012 -0.04 -0.02 -0.572061 0.415627 0.415627 0.572062
0.0966784 0.04 0.04 0.2 0.012 -0.04 -0.02 0.572062 -0.415627 0.415627 0.572061
0.0966784 0.04 0.04 0.2 0.012 -0.04 -0.02 -0.415627 -0.572061 0.572062 -0.415627
0.0966784 0.04 0.04 0.2 0.012 -0.04 -0.02 0.415627 0.572062 0.572061 -0.415627
0.286724 0.04 0.04 0.2 0.012 0.04 6.93889e-18 0.572061 -0.415627 0.415627 0.572062
0.286724 0.04 0.04 0.2 0.012 0.04 6.93889e-18 -0.572062 0.415627 0.415627 0.572061
0.286724 0.04 0.04 0.2 0.012 0.04 6.93889e-18 0.415627 0.572061 0.572062 -0.415627
0.286724 0.04 0.04 0.2 0.012 0.04 6.93889e-18 0.415627 0.572062 -0.572061 0.415627
0.0289544 0.04 0.04 0.2 0.012 -0.04 0.02 -0.572061 0.415627 0.415627 0.572062
0.0289544 0.04 0.04 0.2 0.012 -0.04 0.02 0.572062 -0.415627 0.415627 0.572061
0.0289544 0.04 0.04 0.2 0.012 -0.04 0.02 -0.415627 -0.572061 0.572062 -0.415627
0.0289544 0.04 0.04 0.2 0.012 -0.04 0.02 0.415627 0.572062 0.572061 -0.415627
0.315407 0.04 0.04 0.2 0.016 -0.04 -0.02 -0.572061 0.415627 0.415627 0.572062
0.315407 0.04 0.04 0.2 0.016 -0.04 -0.02 0.572062 -0.415627 0.415627 0.572061
0.315407 0.04 0.04 0.2 0.016 -0.04 -0.02 -0.415627 -0.572061 0.572062 -0.415627
0.315407 0.04 0.04 0.2 0.016 -0.04 -0.02 0.415627 0.572062 0.572061 -0.415627
0.0821879 0.04 0.04 0.2 0.016 0.04 6.93889e-18 0.572061 -0.415627 0.415627 0.572062
0.0821879 0.04 0.04 0.2 0.016 0.04 6.93889e-18 -0.572062 0.415627 0.415627 0.572061
0.0821879 0.04 0.04 0.2 0.016 0.04 6.93889e-18 0.415627 0.572061 0.572062 -0.415627
0.0821879 0.04 0.04 0.2 0.016 0.04 6.93889e-18 0.415627 0.572062 -0.572061 0.415627
0.317684 0.04 0.04 0.2 0.016 0.04 0.02 0.572061 -0.415627 0.415627 0.572062
0.317684 0.04 0.04 0.2 0.016 0.04 0.02 -0.572062 0.415627 0.415627 0.572061
0.317684 0.04 0.04 0.2 0.016 0.04 0.02 0.415627 0.572061 0.572062 -0.415627
0.317684 0.04 0.04 0.2 0.016 0.04 0.02 0.415627 0.572062 -0.572061 0.415627
0.000723387 0.04 0.04 0.2 0.016 -0.04 0.02 -0.572061 0.415627 0.415627 0.572062
0.000723387 0.04 0.04 0.2 0.016 -0.04 0.02 0.572062 -0.415627 0.415627 0.572061
0.000723387 0.04 0.04 0.2 0.016 -0.04 0.02 -0.415627 -0.572061 0.572062 -0.415627
0.000723387 0.04 0.04 0.2 0.016 -0.04 0.02 0.415627 0.572062 0.572061 -0.415627
0.0264891 0.04 0.04 0.2 0.016 0.04 0.04 0.572061 -0.415627 0.415627 0.572062
0.0264891 0.04 0.04 0.2 0.016 0.04 0.04 -0.572062 0.415627 0.415627 0.572061
0.0264891 0.04 0.04 0.2 0.016 0.04 0.04 0.415627 0.572061 0.572062 -0.415627
0.0264891 0.04 0.04 0.2 0.016 0.04 0.04 0.415627 0.572062 -0.572061 0.415627
0.476839 0.04 0.04 0.2 0.016 -0.04 0.04 -0.572061 0.415627 0.415627 0.572062
0.476839 0.04 0.04 0.2 0.016 -0.04 0.04 0.572062 -0.415627 0.415627 0.572061
0.476839 0.04 0.04 0.2 0.016 -0.04 0.04 -0.415627 -0.572061 0.572062 -0.415627
0.476839 0.04 0.04 0.2 0.016 -0.04 0.04 0.415627 0.572062 0.572061 -0.415627
0.0382007 0.04 0.04 0.2 0.02 -0.04 -0.02 -0.572061 0.415627 0.415627 0.572062
0.0382007 0.04 0.04 0.2 0.02 -0.04 -0.02 0.572062 -0.415627 0.415627 0.572061
0.0382007 0.04 0.04 0.2 0.02 -0.04 -0.02 -0.415627 -0.572061 0.572062 -0.415627
0.0382007 0.04 0.04 0.2 0.02 -0.04 -0.02 0.415627 0.572062 0.572061 -0.415627
0.0135189 0.04 0.04 0.2 0.02 0.04 6.93889e-18 0.572061 -0.415627 0.415627 0.572062
0.0135189 0.04 0.04 0.2 0.02 0.04 6.93889e-18 -0.572062 0.415627 0.415627 0.572061
0.0135189 0.04 0.04 0.2 0.02 0.04 6.93889e-18 0.415627 0.572061 0.572062 -0.415627
0.0135189 0.04 0.04 0.2 0.02 0.04 6.93889e-18 0.415627 0.572062 -0.572061 0.415627
0.578057 0.04 0.04 0.2 0.02 0.04 0.02 0.572061 -0.415627 0.415627 0.572062
0.578057 0.04 0.04 0.2 0.02 0.04 0.02 -0.572062 0.415627 0.415627 0.572061
0.578057 0.04 0.04 0.2 0.02 0.04 0.02 0.415627 0.572061 0.572062 -0.415627
0.578057 0.04 0.04 0.2 0.02 0.04 0.02 0.415627 0.572062 -0.572061 0.415627
0.417597 0.04 0.04 0.2 0.02 -0.04 0.02 -0.572061 0.415627 0.415627 0.572062
0.417597 0.04 0.04 0.2 0.02 -0.04 0.02 0.572062 -0.415627 0.415627 0.572061
0.417597 0.04 0.04 0.2 0.02 -0.04 0.02 -0.415627 -0.572061 0.572062 -0.415627
0.417597 0.04 0.04 0.2 0.02 -0.04 0.02 0.415627 0.572062 0.572061 -0.415627
0.0585804 0.04 0.04 0.2 0.02 0.04 0.04 0.572061 -0.415627 0.415627 0.572062
0.0585804 0.04 0.04 0.2 0.02 0.04 0.04 -0.572062 0.415627 0.415627 0.572061
0.0585804 0.04 0.04 0.2 0.02 0.04 0.04 0.415627 0.572061 0.572062 -0.415627
0.0585804 0.04 0.04 0.2 0.02 0.04 0.04 0.415627 0.572062 -0.572061 0.415627
0.112654 0.04 0.04 0.2 0.02 -0.04 0.04 -0.572061 0.415627 0.415627 0.572062
0.112654 0.04 0.04 0.2 0.02 -0.04 0.04 0.572062 -0.415627 0.415627 0.572061
0.112654 0.04 0.04 0.2 0.02 -0.04 0.04 -0.415627 -0.572061 0.572062 -0.415627
0.112654 0.04 0.04 0.2 0.02 -0.04 0.04 0.415627 0.572062 0.572061 -0.415627
0.0399704 0.04 0.04 0.2 0.02 0.04 0.06 0.572061 -0.415627 0.415627 0.572062
0.0399704 0.04 0.04 0.2 0.02 0.04 0.06 -0.572062 0.415627 0.415627 0.572061
0.0399704 0.04 0.04 0.2 0.02 0.04 0.06 0.415627 0.572061 0.572062 -0.415627
0.0399704 0.04 0.04 0.2 0.02 0.04 0.06 0.415627 0.572062 -0.572061 0.415627
0.0821878 0.04 0.04 0.2 0.02 -0.04 0.06 -0.572061 0.415627 0.415627 0.572062
0.0821878 0.04 0.04 0.2 0.02 -0.04 0.06 0.572062 -0.415627 0.415627 0.572061
0.0821878 0.04 0.04 0.2 0.02 -0.04 0.06 -0.415627 -0.572061 0.572062 -0.415627
0.0821878 0.04 0.04 0.2 0.02 -0.04 0.06 0.415627 0.572062 0.572061 -0.415627
0.0337527 0.04 0.04 0.2 -0.02 -0.02 0.12 0.309017 0.951057 -5.82354e-17 1.89218e-17
0.0337527 0.04 0.04 0.2 -0.02 -0.02 0.12 3.78436e-17 1.16471e-16 0.951057 -0.309017
0.0337527 0.04 0.04 0.2 -0.02 -0.02 0.12 0.951057 -0.309017 -1.89218e-17 -5.82354e-17
0.0337527 0.04 0.04 0.2 -0.02 -0.02 0.12 3.93136e-17 -7.71573e-17 0.309017 0.951057
0.413141 0.04 0.04 0.2 -0.02 -0.008 0.12 0.809017 0.587785 7.19829e-17 4.9538e-17
0.413141 0.04 0.04 0.2 -0.02 -0.008 0.12 -9.9076e-17 3.59914e-17 -0.587785 0.809017
0.413141 0.04 0.04 0.2 -0.02 -0.008 0.12 -0.587785 0.809017 4.9538e-17 -7.19829e-17
0.413141 0.04 0.04 0.2 -0.02 -0.008 0.12 -1.21521e-16 -8.55294e-17 0.809017 0.587785
0.113585 0.04 0.04 0.2 -0.02 -0.004 0.12 0.809017 0.587785 7.19829e-17 4.9538e-17
0.113585 0.04 0.04 0.2 -0.02 -0.004 0.12 -9.9076e-17 3.59914e-17 -0.587785 0.809017
0.113585 0.04 0.04 0.2 -0.02 -0.004 0.12 -0.587785 0.809017 4.9538e-17 -7.19829e-17
0.113585 0.04 0.04 0.2 -0.02 -0.004 0.12 -1.21521e-16 -8.55294e-17 0.809017 0.587785
0.0535135 0.04 0.04 0.2 -0.02 0 0.12 0.809017 0.587785 7.19829e-17 4.9538e-17
0.0535135 0.04 0.04 0.2 -0.02 0 0.12 -9.9076e-17 3.59914e-17 -0.587785 0.809017
0.0535135 0.04 0.04 0.2 -0.02 0 0.12 -0.587785 0.809017 4.9538e-17 -7.19829e-17
0.0535135 0.04 0.04 0.2 -0.02 0 0.12 -1.21521e-16 -8.55294e-17 0.809017 0.587785
0.134506 0.04 0.04 0.2 -0.02 0.012 0.12 1 0 0 6.12323e-17
0.134506 0.04 0.04 0.2 -0.02 0.012 0.12 -1.22465e-16 0 0 1
0.134506 0.04 0.04 0.2 -0.02 0.012 0.12 -6.12323e-17 1 6.12323e-17 -3.7494e-33
0.134506 0.04 0.04 0.2 -0.02 0.012 0.12 -6.12323e-17 -6.12323e-17 1 -3.7494e-33
0.0418536 0.04 0.04 0.2 -0.02 0.016 0.12 1 0 0 6.12323e-17
0.0418536 0.04 0.04 0.2 -0.02 0.016 0.12 -1.22465e-16 0 0 1
0.0418536 0.04 0.04 0.2 -0.02 0.016 0.12 -6.12323e-17 1 6.12323e-17 -3.7494e-33
0.0418536 0.04 0.04 0.2 -0.02 0.016 0.12 -6.12323e-17 -6.12323e-17 1 -3.7494e-33
0.00839475 0.04 0.04 0.2 -0.02 0.02 0.12 0.951057 0.309017 3.78436e-17 5.82354e-17
0.00839475 0.04 0.04 0.2 -0.02 0.02 0.12 -1.16471e-16 1.89218e-17 -0.309017 0.951057
0.00839475 0.04 0.04 0.2 -0.02 0.02 0.12 -0.309017 0.951057 5.82354e-17 -3.78436e-17
0.00839475 0.04 0.04 0.2 -0.02 0.02 0.12 -9.60791e-17 -7.71572e-17 0.951057 0.309017
0.014375 0.04 0.04 0.2 -0.016 -0.012 0.12 0.809017 0.587785 7.19829e-17 4.9538e-17
0.014375 0.04 0.04 0.2 -0.016 -0.012 0.12 -9.9076e-17 3.59914e-17 -0.587785 0.809017
0.014375 0.04 0.04 0.2 -0.016 -0.012 0.12 -0.587785 0.809017 4.9538e-17 -7.19829e-17
0.014375 0.04 0.04 0.2 -0.016 -0.012 0.12 -1.21521e-16 -8.55294e-17 0.809017 0.587785
0.00812248 0.04 0.04 0.2 -0.016 -0.004 0.12 0.951057 0.309017 3.78436e-17 5.82354e-17
0.00812248 0.04 0.04 0.2 -0.016 -0.004 0.12 -1.16471e-16 1.89218e-17 -0.309017 0.951057
0.00812248 0.04 0.04 0.2 -0.016 -0.004 0.12 -0.309017 0.951057 5.82354e-17 -3.78436e-17
0.00812248 0.04 0.04 0.2 -0.016 -0.004 0.12 -9.60791e-17 -7.71572e-17 0.951057 0.309017
0.202196 0.04 0.04 0.2 -0.016 0 0.12 0.809017 0.587785 7.19829e-17 4.9538e-17
0.202196 0.04 0.04 0.2 -0.016 0 0.12 -9.9076e-17 3.59914e-17 -0.587785 0.809017
0.202196 0.04 0.04 0.2 -0.016 0 0.12 -0.587785 0.809017 4.9538e-17 -7.19829e-17
0.202196 0.04 0.04 0.2 -0.016 0 0.12 -1.21521e-16 -8.55294e-17 0.809017 0.587785
0.00774816 0.04 0.04 0.2 -0.016 0 0.12 0.951057 0.309017 3.78436e-17 5.82354e-17
0.00774816 0.04 0.04 0.2 -0.016 0 0.12 -1.16471e-16 1.89218e-17 -0.309017 0.951057
0.00774816 0.04 0.04 0.2 -0.016 0 0.12 -0.309017 0.951057 5.82354e-17 -3.78436e-17
0.00774816 0.04 0.04 0.2 -0.016 0 0.12 -9.60791e-17 -7.71572e-17 0.951057 0.309017
0.0810489 0.04 0.04 0.2 -0.012 -0.02 0.12 0.809017 0.587785 7.19829e-17 4.9538e-17
0.0810489 0.04 0.04 0.2 -0.012 -0.02 0.12 -9.9076e-17 3.59914e-17 -0.587785 0.809017
0.0810489 0.04 0.04 0.2 -0.012 -0.02 0.12 -0.587785 0.809017 4.9538e-17 -7.19829e-17
0.0810489 0.04 0.04 0.2 -0.012 -0.02 0.12 -1.21521e-16 -8.55294e-17 0.809017 0.587785
0.0413392 0.04 0.04 0.2 -0.012 -0.012 0.12 0.809017 0.587785 7.19829e-17 4.9538e-17
0.0413392 0.04 0.04 0.2 -0.012 -0.012 0.12 -9.9076e-17 3.59914e-17 -0.587785 0.809017
0.0413392 0.04 0.04 0.2 -0.012 -0.012 0.12 -0.587785 0.809017 4.9538e-17 -7.19829e-17
0.0413392 0.04 0.04 0.2 -0.012 -0.012 0.12 -1.21521e-16 -8.55294e-17 0.809017 0.587785
0.13759 0.04 0.04 0.2 -0.008 -0.016 0.12 0.809017 0.587785 7.19829e-17 4.9538e-17
0.13759 0.04 0.04 0.2 -0.008 -0.016 0.12 -9.9076e-17 3.59914e-17 -0.587785 0.809017
0.13759 0.04 0.04 0.2 -0.008 -0.016 0.12 -0.587785 0.809017 4.9538e-17 -7.19829e-17
0.13759 0.04 0.04 0.2 -0.008 -0.016 0.12 -1.21521e-16 -8.55294e-17 0.809017 0.587785
0.690031 0.04 0.04 0.2 -0.004 0.012 0.12 0.951057 0.309017 3.78436e-17 5.82354e-17
0.690031 0.04 0.04 0.2 -0.004 0.012 0.12 -1.16471e-16 1.89218e-17 -0.309017 0.951057
0.690031 0.04 0.04 0.2 -0.004 0.012 0.12 -0.309017 0.951057 5.82354e-17 -3.78436e-17
0.690031 0.04 0.04 0.2 -0.004 0.012 0.12 -9.60791e-17 -7.71572e-17 0.951057 0.309017
0.0413529 0.04 0.04 0.2 0.004 -0.016 0.12 0.309017 0.951057 -5.82354e-17 1.89218e-17
0.0413529 0.04 0.04 0.2 0.004 -0.016 0.12 3.78436e-17 1.16471e-16 0.951057 -0.309017
0.0413529 0.04 0.04 0.2 0.004 -0.016 0.12 0.951057 -0.309017 -1.89218e-17 -5.82354e-17
0.0413529 0.04 0.04 0.2 0.004 -0.016 0.12 3.93136e-17 -7.71573e-17 0.309017 0.951057
0.0701751 0.04 0.04 0.2 0.004 0.012 0.12 -0.587785 0.809017 -4.9538e-17 -3.59915e-17
0.0701751 0.04 0.04 0.2 0.004 0.012 0.12 -7.19829e-17 9.9076e-17 0.809017 0.587785
0.0701751 0.04 0.04 0.2 0.004 0.012 0.12 0.809017 0.587785 3.59915e-17 -4.9538e-17
0.0701751 0.04 0.04 0.2 0.004 0.012 0.12 8.55294e-17 -1.35465e-17 -0.587785 0.809017
0.0439586 0.04 0.04 0.2 0.008 -0.012 0.12 0.309017 0.951057 -5.82354e-17 1.89218e-17
0.0439586 0.04 0.04 0.2 0.008 -0.012 0.12 3.78436e-17 1.16471e-16 0.951057 -0.309017
0.0439586 0.04 0.04 0.2 0.008 -0.012 0.12 0.951057 -0.309017 -1.89218e-17 -5.82354e-17
0.0439586 0.04 0.04 0.2 0.008 -0.012 0.12 3.93136e-17 -7.71573e-17 0.309017 0.951057
0.0629267 0.04 0.04 0.2 0.008 0.02 0.12 0.809017 -0.587785 -7.19829e-17 4.9538e-17
0.0629267 0.04 0.04 0.2 0.008 0.02 0.12 -9.9076e-17 -3.59914e-17 0.587785 0.809017
0.0629267 0.04 0.04 0.2 0.008 0.02 0.12 0.587785 0.809017 4.9538e-17 7.19829e-17
0.0629267 0.04 0.04 0.2 0.008 0.02 0.12 -2.24449e-17 1.35465e-17 -0.809017 0.587785
0.0747234 0.04 0.04 0.2 0.008 0.02 0.12 -0.587785 0.809017 -4.9538e-17 -3.59915e-17
0.0747234 0.04 0.04 0.2 0.008 0.02 0.12 -7.19829e-17 9.9076e-17 0.809017 0.587785
0.0747234 0.04 0.04 0.2 0.008 0.02 0.12 0.809017 0.587785 3.59915e-17 -4.9538e-17
0.0747234 0.04 0.04 0.2 0.008 0.02 0.12 8.55294e-17 -1.35465e-17 -0.587785 0.809017
0.0784077 0.04 0.04 0.2 0.012 -0.012 0.12 0.309017 0.951057 -5.82354e-17 1.89218e-17
0.0784077 0.04 0.04 0.2 0.012 -0.012 0.12 3.78436e-17 1.16471e-16 0.951057 -0.309017
0.0784077 0.04 0.04 0.2 0.012 -0.012 0.12 0.951057 -0.309017 -1.89218e-17 -5.82354e-17
0.0784077 0.04 0.04 0.2 0.012 -0.012 0.12 3.93136e-17 -7.71573e-17 0.309017 0.951057
0.0636385 0.04 0.04 0.2 0.012 0.004 0.12 -0.309017 0.951057 -5.82354e-17 -1.89218e-17
0.0636385 0.04 0.04 0.2 0.012 0.004 0.12 -3.78436e-17 1.16471e-16 0.951057 0.309017
0.0636385 0.04 0.04 0.2 0.012 0.004 0.12 0.951057 0.309017 1.89218e-17 -5.82354e-17
0.0636385 0.04 0.04 0.2 0.012 0.004 0.12 7.71572e-17 -3.93136e-17 -0.309017 0.951057
0.00845155 0.04 0.04 0.2 0.012 0.012 0.12 0.951057 -0.309017 -3.78436e-17 5.82354e-17
0.00845155 0.04 0.04 0.2 0.012 0.012 0.12 -1.16471e-16 -1.89218e-17 0.309017 0.951057
0.00845155 0.04 0.04 0.2 0.012 0.012 0.12 0.309017 0.951057 5.82354e-17 3.78436e-17
0.00845155 0.04 0.04 0.2 0.012 0.012 0.12 -2.03919e-17 -3.93136e-17 0.951057 -0.309017
0.125926 0.04 0.04 0.2 0.016 -0.012 0.12 6.12323e-17 1 -6.12323e-17 3.7494e-33
0.125926 0.04 0.04 0.2 0.016 -0.012 0.12 7.4988e-33 1.22465e-16 1 -6.12323e-17
0.125926 0.04 0.04 0.2 0.016 -0.012 0.12 1 3.99574e-23 -7.4988e-33 -6.12323e-17
0.125926 0.04 0.04 0.2 0.016 -0.012 0.12 6.12323e-17 -6.12323e-17 6.12323e-17 1
0.0378941 0.04 0.04 0.2 0.016 0.004 0.12 -0.309017 0.951057 -5.82354e-17 -1.89218e-17
0.0378941 0.04 0.04 0.2 0.016 0.004 0.12 -3.78436e-17 1.16471e-16 0.951057 0.309017
0.0378941 0.04 0.04 0.2 0.016 0.004 0.12 0.951057 0.309017 1.89218e-17 -5.82354e-17
0.0378941 0.04 0.04 0.2 0.016 0.004 0.12 7.71572e-17 -3.93136e-17 -0.309017 0.951057
0.0560201 0.04 0.04 0.2 0.016 0.008 0.12 -0.309017 0.951057 -5.82354e-17 -1.89218e-17
0.0560201 0.04 0.04 0.2 0.016 0.008 0.12 -3.78436e-17 1.16471e-16 0.951057 0.309017
0.0560201 0.04 0.04 0.2 0.016 0.008 0.12 0.951057 0.309017 1.89218e-17 -5.82354e-17
0.0560201 0.04 0.04 0.2 0.016 0.008 0.12 7.71572e-17 -3.93136e-17 -0.309017 0.951057
0.205483 0.04 0.04 0.2 0.016 0.016 0.12 0.809017 -0.587785 -7.19829e-17 4.9538e-17
0.205483 0.04 0.04 0.2 0.016 0.016 0.12 -9.9076e-17 -3.59914e-17 0.587785 0.809017
0.205483 0.04 0.04 0.2 0.016 0.016 0.12 0.587785 0.809017 4.9538e-17 7.19829e-17
0.205483 0.04 0.04 0.2 0.016 0.016 0.12 -2.24449e-17 1.35465e-17 -0.809017 0.587785
0.0532162 0.04 0.04 0.2 0.016 0.016 0.12 -0.587785 0.809017 -4.9538e-17 -3.59915e-17
0.0532162 0.04 0.04 0.2 0.016 0.016 0.12 -7.19829e-17 9.9076e-17 0.809017 0.587785
0.0532162 0.04 0.04 0.2 0.016 0.016 0.12 0.809017 0.587785 3.59915e-17 -4.9538e-17
0.0532162 0.04 0.04 0.2 0.016 0.016 0.12 8.55294e-17 -1.35465e-17 -0.587785 0.809017
0.1188 0.04 0.04 0.2 0.02 -0.02 0.12 6.12323e-17 1 -6.12323e-17 3.7494e-33
0.1188 0.04 0.04 0.2 0.02 -0.02 0.12 7.4988e-33 1.22465e-16 1 -6.12323e-17
0.1188 0.04 0.04 0.2 0.02 -0.02 0.12 1 3.99574e-23 -7.4988e-33 -6.12323e-17
0.1188 0.04 0.04 0.2 0.02 -0.02 0.12 6.12323e-17 -6.12323e-17 6.12323e-17 1
0.0131048 0.04 0.04 0.2 0.02 -0.016 0.12 0.309017 0.951057 -5.82354e-17 1.89218e-17
0.0131048 0.04 0.04 0.2 0.02 -0.016 0.12 3.78436e-17 1.16471e-16 0.951057 -0.309017
0.0131048 0.04 0.04 0.2 0.02 -0.016 0.12 0.951057 -0.309017 -1.89218e-17 -5.82354e-17
0.0131048 0.04 0.04 0.2 0.02 -0.016 0.12 3.93136e-17 -7.71573e-17 0.309017 0.951057
0.0817871 0.04 0.04 0.2 0.02 -0.012 0.12 6.12323e-17 1 -6.12323e-17 3.7494e-33
0.0817871 0.04 0.04 0.2 0.02 -0.012 0.12 7.4988e-33 1.22465e-16 1 -6.12323e-17
0.0817871 0.04 0.04 0.2 0.02 -0.012 0.12 1 3.99574e-23 -7.4988e-33 -6.12323e-17
0.0817871 0.04 0.04 0.2 0.02 -0.012 0.12 6.12323e-17 -6.12323e-17 6.12323e-17 1
0.115247 0.04 0.04 0.2 0.02 0.012 0.12 -0.309017 0.951057 -5.82354e-17 -1.89218e-17
0.115247 0.04 0.04 0.2 0.02 0.012 0.12 -3.78436e-17 1.16471e-16 0.951057 0.309017
0.115247 0.04 0.04 0.2 0.02 0.012 0.12 0.951057 0.309017 1.89218e-17 -5.82354e-17
0.115247 0.04 0.04 0.2 0.02 0.012 0.12 7.71572e-17 -3.93136e-17 -0.309017 0.951057
