40 -2442534601.402896 0.04 0.1 0.2 0.02 3.46945e-18 0.12 -0.587785 0.809017 -4.9538e-17 -3.59915e-17
40 -2442515357.429155 0.04 0.1 0.2 -0.02 -5.91874e-18 0.12 0.809017 0.587785 3.59915e-17 -4.9538e-17
40 -2442533219.034168 0.04 0.1 0.2 0.02 -1.81652e-17 -0.12 -7.19829e-17 9.9076e-17 0.809017 0.587785
40 -2442519321.647097 0.04 0.1 0.2 -0.02 3.46945e-18 -0.12 8.55294e-17 -1.35465e-17 -0.587785 0.809017
40 -470421919.9138323 0.04 0.1 0.2 0.016 -0.07000000000000001 6.93889e-18 -0.572061 0.415627 0.415627 0.572062
40 -305889518.080159 0.04 0.1 0.2 -0.016 0.07000000000000001 6.93889e-18 -0.415627 -0.572061 0.572062 -0.415627
40 -470401044.6343497 0.04 0.1 0.2 0.016 0.07000000000000001 -1.55114e-17 0.572062 -0.415627 0.415627 0.572061
40 -437388152.8177239 0.04 0.1 0.2 -0.016 -0.07000000000000001 -8.898319999999999e-18 0.415627 0.572062 0.572061 -0.415627
40 -1101896426.369087 0.04 0.1 0.2 0.016 0.07000000000000001 0.06 0.572061 -0.415627 0.415627 0.572062
40 -596602644.1076638 0.04 0.1 0.2 -0.016 -0.07000000000000001 0.06 0.415627 0.572061 0.572062 -0.415627
40 -1101892769.449253 0.04 0.1 0.2 0.016 -0.07000000000000001 -0.06 -0.572062 0.415627 0.415627 0.572061
40 -1069654366.079468 0.04 0.1 0.2 -0.016 0.07000000000000001 -0.06 0.415627 0.572062 -0.572061 0.415627
40 -13442164.8506472 0.04 0.1 0.2 -0.02 -0.03 0.12 0.309017 0.951057 -5.82354e-17 1.89218e-17
40 -13441843.58229719 0.04 0.1 0.2 0.02 0.03 0.12 0.951057 -0.309017 -1.89218e-17 -5.82354e-17
40 -13442292.80133517 0.04 0.1 0.2 -0.02 0.03 -0.12 3.78436e-17 1.16471e-16 0.951057 -0.309017
40 -13442168.99079207 0.04 0.1 0.2 0.02 -0.03 -0.12 3.93136e-17 -7.71573e-17 0.309017 0.951057
40 13441685.07070711 0.04 0.1 0.2 0.02 0.03 0.12 0.951057 -0.309017 -3.78436e-17 5.82354e-17
40 13441986.71741619 0.04 0.1 0.2 -0.02 -0.03 0.12 0.309017 0.951057 5.82354e-17 3.78436e-17
40 13441990.83196774 0.04 0.1 0.2 0.02 -0.03 -0.12 -1.16471e-16 -1.89218e-17 0.309017 0.951057
40 13442136.21399719 0.04 0.1 0.2 -0.02 0.03 -0.12 -2.03919e-17 -3.93136e-17 0.951057 -0.309017
40 -453213628.5443876 0.04 0.1 0.2 -0.008 -0.02 0.12 0.587785 0.809017 -4.9538e-17 3.59915e-17
40 -453201009.3434799 0.04 0.1 0.2 0.008 0.02 0.12 0.809017 -0.587785 -3.59915e-17 -4.9538e-17
40 -453211726.9015433 0.04 0.1 0.2 -0.008 0.02 -0.12 -7.19829e-17 -9.9076e-17 -0.809017 0.587785
40 -453216372.3506268 0.04 0.1 0.2 0.008 -0.02 -0.12 1.35465e-17 -8.55295e-17 0.587785 0.809017
40 -331446031.396909 0.04 0.1 0.2 -0.008 -0.01 0.12 0.587785 0.809017 -4.9538e-17 3.59915e-17
40 -331465038.8475166 0.04 0.1 0.2 0.008 0.01 0.12 0.809017 -0.587785 -3.59915e-17 -4.9538e-17
40 -331450184.0133848 0.04 0.1 0.2 -0.008 0.01 -0.12 -7.19829e-17 -9.9076e-17 -0.809017 0.587785
40 -331459030.6407502 0.04 0.1 0.2 0.008 -0.01 -0.12 1.35465e-17 -8.55295e-17 0.587785 0.809017
40 -269837810.5189063 0.04 0.1 0.2 0.008 -0.05 0.12 0.309017 0.951057 -5.82354e-17 1.89218e-17
40 -269844523.9878251 0.04 0.1 0.2 -0.008 0.05 0.12 0.951057 -0.309017 -1.89218e-17 -5.82354e-17
40 -269887910.9936417 0.04 0.1 0.2 0.008 0.05 -0.12 3.78436e-17 1.16471e-16 0.951057 -0.309017
40 -269845422.6240467 0.04 0.1 0.2 -0.008 -0.05 -0.12 3.93136e-17 -7.71573e-17 0.309017 0.951057
40 -75877499.89285991 0.04 0.1 0.2 -0.004 -0.04 0.12 0.587785 0.809017 -4.9538e-17 3.59915e-17
40 -75935510.97543478 0.04 0.1 0.2 0.004 0.04 0.12 0.809017 -0.587785 -3.59915e-17 -4.9538e-17
40 -75882272.55664839 0.04 0.1 0.2 -0.004 0.04 -0.12 -7.19829e-17 -9.9076e-17 -0.809017 0.587785
40 -75879835.8719468 0.04 0.1 0.2 0.004 -0.04 -0.12 1.35465e-17 -8.55295e-17 0.587785 0.809017
40 -445412462.5555645 0.04 0.1 0.2 -0.012 3.46945e-18 0.12 0.587785 0.809017 -4.9538e-17 3.59915e-17
40 -445450010.4854598 0.04 0.1 0.2 0.012 -1.99987e-18 0.12 0.809017 -0.587785 -3.59915e-17 -4.9538e-17
40 -445413805.4812832 0.04 0.1 0.2 -0.012 -1.81652e-17 -0.12 -7.19829e-17 -9.9076e-17 -0.809017 0.587785
40 -445408809.2977841 0.04 0.1 0.2 0.012 3.46945e-18 -0.12 1.35465e-17 -8.55295e-17 0.587785 0.809017
40 -205685911.4359464 0.04 0.1 0.2 0.008 3.46945e-18 0.12 0.809017 -0.587785 -7.19829e-17 4.9538e-17
40 -205631956.5979793 0.04 0.1 0.2 -0.008 -4.44917e-18 0.12 0.587785 0.809017 4.9538e-17 7.19829e-17
40 -205612014.2862729 0.04 0.1 0.2 0.008 -1.81652e-17 -0.12 -9.9076e-17 -3.59914e-17 0.587785 0.809017
40 -205649381.3763931 0.04 0.1 0.2 -0.008 3.46945e-18 -0.12 -2.24449e-17 1.35465e-17 -0.809017 0.587785
40 -298003783.4197232 0.04 0.1 0.2 0.008 0.01 0.12 0.809017 -0.587785 -7.19829e-17 4.9538e-17
40 -297983704.9776205 0.04 0.1 0.2 -0.008 -0.01 0.12 0.587785 0.809017 4.9538e-17 7.19829e-17
40 -297998023.7580317 0.04 0.1 0.2 0.008 -0.01 -0.12 -9.9076e-17 -3.59914e-17 0.587785 0.809017
40 -297989248.5216526 0.04 0.1 0.2 -0.008 0.01 -0.12 -2.24449e-17 1.35465e-17 -0.809017 0.587785
40 -1.744725475605335e-05 0.04 0.1 0.2 -0.04 -0.05 -0.04 -0.218508 0.672498 -0.218508 0.672499
40 5.666141200233454e-06 0.04 0.1 0.2 -0.04 0.05 0.04 0.672499 0.218508 0.672498 0.218508
40 2.877818517710296e-06 0.04 0.1 0.2 0.04 -0.05 0.04 0.218508 -0.672499 -0.218508 0.672498
40 3.675613812426093e-06 0.04 0.1 0.2 0.04 -0.05 -0.02 0 -0.707107 0 0.707106
40 2.352549056983122e-05 0.04 0.1 0.2 -0.04 0.05 -0.02 0.707107 4.32978e-17 0.707106 -4.32977e-17
40 6.896827032143449e-06 0.04 0.1 0.2 0.04 0.05 0.02 -0.707106 4.32978e-17 0.707107 -4.32977e-17
40 3.565279105632868e-05 0.04 0.1 0.2 -0.04 -0.05 0.02 0 0.707106 0 0.707107
40 -1.011308135412392e-05 0.04 0.1 0.2 -0.04 -0.05 -0.02 -0.218508 0.672498 -0.218508 0.672499
40 3.929340013808513e-06 0.04 0.1 0.2 0.04 0.05 -0.02 -0.672498 -0.218508 0.672499 0.218508
40 -4.823886239790909e-06 0.04 0.1 0.2 -0.04 0.05 0.02 0.672499 0.218508 0.672498 0.218508
40 9.18763322443894e-06 0.04 0.1 0.2 0.04 -0.05 6.93889e-18 0 -0.707107 0 0.707106
40 5.344517359429091e-05 0.04 0.1 0.2 -0.04 0.05 6.93889e-18 0.707107 4.32978e-17 0.707106 -4.32977e-17
40 -3.369259432606242e-05 0.04 0.1 0.2 0.04 0.05 -1.30621e-17 -0.707106 4.32978e-17 0.707107 -4.32977e-17
40 2.511853048714485e-05 0.04 0.1 0.2 -0.04 -0.05 -1.18375e-17 0 0.707106 0 0.707107
40 1.38736964387931e-05 0.04 0.1 0.2 -0.04 -0.05 6.93889e-18 -0.218508 0.672498 -0.218508 0.672499
40 -4.84129140154721e-06 0.04 0.1 0.2 0.04 0.05 6.93889e-18 -0.672498 -0.218508 0.672499 0.218508
40 1.335872839502983e-05 0.04 0.1 0.2 -0.04 0.05 -1.30621e-17 0.672499 0.218508 0.672498 0.218508
40 6.132962821592258e-06 0.04 0.1 0.2 0.04 -0.05 -2.0403e-18 0.218508 -0.672499 -0.218508 0.672498
40 -1.559363243952561e-05 0.04 0.1 0.2 -0.04 -0.05 6.93889e-18 0 0.707107 0 0.707106
40 -3.474473874209849e-05 0.04 0.1 0.2 0.04 0.05 6.93889e-18 0.707107 4.32978e-17 -0.707106 4.32977e-17
40 -4.224608125946716e-05 0.04 0.1 0.2 -0.04 0.05 -1.30621e-17 0.707106 4.32978e-17 0.707107 4.32977e-17
40 8.343433358870556e-06 0.04 0.1 0.2 0.04 -0.05 -2.0403e-18 0 -0.707106 0 0.707107
40 -9.751369228983009e-06 0.04 0.1 0.2 0.04 -0.05 0.02 0.218508 -0.672498 -0.218508 0.672499
40 2.879177980030789e-06 0.04 0.1 0.2 -0.04 0.05 0.02 0.672498 0.218508 0.672499 0.218508
40 6.289046028840062e-06 0.04 0.1 0.2 0.04 0.05 -0.02 0.672499 0.218508 -0.672498 -0.218508
40 6.775137044279234e-06 0.04 0.1 0.2 -0.04 -0.05 -0.02 -0.218508 0.672499 -0.218508 0.672498
40 4.481532383637798e-05 0.04 0.1 0.2 0.04 -0.05 0.02 0 -0.707107 0 0.707106
40 3.287675376251187e-05 0.04 0.1 0.2 -0.04 0.05 0.02 0.707107 4.32978e-17 0.707106 -4.32977e-17
40 6.172168639562159e-05 0.04 0.1 0.2 0.04 0.05 -0.02 -0.707106 4.32978e-17 0.707107 -4.32977e-17
40 6.063042350890058e-05 0.04 0.1 0.2 -0.04 -0.05 -0.02 0 0.707106 0 0.707107
40 -1.891948760901485e-05 0.04 0.1 0.2 -0.04 -0.05 0.02 -0.218508 0.672498 -0.218508 0.672499
40 -1.337840674997537e-05 0.04 0.1 0.2 -0.04 0.05 -0.02 0.672499 0.218508 0.672498 0.218508
40 -2.155853203511526e-06 0.04 0.1 0.2 0.04 -0.05 -0.02 0.218508 -0.672499 -0.218508 0.672498
40 -5.610773863207186e-05 0.04 0.1 0.2 -0.04 -0.05 0.02 0 0.707107 0 0.707106
40 7.633237527038261e-05 0.04 0.1 0.2 0.04 0.05 0.02 0.707107 4.32978e-17 -0.707106 4.32977e-17
40 -3.329532590790052e-05 0.04 0.1 0.2 -0.04 0.05 -0.02 0.707106 4.32978e-17 0.707107 4.32977e-17
40 -2.44387975145699e-05 0.04 0.1 0.2 0.04 -0.05 -0.02 0 -0.707106 0 0.707107
40 4.406444081617167e-06 0.04 0.1 0.2 0.04 -0.05 0.04 0.218508 -0.672498 -0.218508 0.672499
40 -8.341721882132447e-06 0.04 0.1 0.2 -0.04 0.05 0.04 0.672498 0.218508 0.672499 0.218508
40 -9.548427135186444e-06 0.04 0.1 0.2 0.04 0.05 -0.04 0.672499 0.218508 -0.672498 -0.218508
40 1.758424169429063e-05 0.04 0.1 0.2 -0.04 -0.05 -0.04 -0.218508 0.672499 -0.218508 0.672498
40 2.188909476474876e-05 0.04 0.1 0.2 0.04 0.05 -0.04 -0.707106 4.32978e-17 0.707107 -4.32977e-17
40 -9.765617951629224e-06 0.04 0.1 0.2 -0.04 -0.05 -0.04 0 0.707106 0 0.707107
40 1.007324241797392e-05 0.04 0.1 0.2 -0.04 -0.05 0.04 -0.218508 0.672498 -0.218508 0.672499
40 3.406717747456156e-06 0.04 0.1 0.2 -0.04 0.05 -0.04 0.672499 0.218508 0.672498 0.218508
40 -1.207022841942518e-05 0.04 0.1 0.2 -0.04 -0.05 0.04 0 0.707107 0 0.707106
40 -5.847059218044848e-05 0.04 0.1 0.2 0.04 0.05 0.04 0.707107 4.32978e-17 -0.707106 4.32977e-17
40 -1.570203758172184e-05 0.04 0.1 0.2 -0.04 0.05 -0.04 0.707106 4.32978e-17 0.707107 4.32977e-17
40 -1.116759681574209e-05 0.04 0.1 0.2 0.04 -0.05 -0.04 0 -0.707106 0 0.707107
40 -2.260314708291133e-06 0.04 0.1 0.2 -0.04 0.05 0.06 0.672498 0.218508 0.672499 0.218508
40 2.868225001950719e-06 0.04 0.1 0.2 0.04 0.05 -0.06 0.672499 0.218508 -0.672498 -0.218508
40 -1.782783083825734e-06 0.04 0.1 0.2 -0.04 -0.05 -0.06 -0.218508 0.672499 -0.218508 0.672498
40 -8.033538652796324e-05 0.04 0.1 0.2 0.04 -0.05 0.06 0 -0.707107 0 0.707106
40 -5.635669647618968e-05 0.04 0.1 0.2 -0.04 0.05 0.06 0.707107 4.32978e-17 0.707106 -4.32977e-17
40 -9.893822510820272e-05 0.04 0.1 0.2 0.04 0.05 -0.06 -0.707106 4.32978e-17 0.707107 -4.32977e-17
40 -8.54658001530062e-05 0.04 0.1 0.2 -0.04 -0.05 -0.06 0 0.707106 0 0.707107
40 3.662519650227125e-06 0.04 0.1 0.2 -0.04 0.05 -0.06 0.672499 0.218508 0.672498 0.218508
40 2.115637664967807e-05 0.04 0.1 0.2 -0.04 -0.05 0.06 0 0.707107 0 0.707106
40 1.757958329529075e-05 0.04 0.1 0.2 0.04 0.05 0.06 0.707107 4.32978e-17 -0.707106 4.32977e-17
40 1.857043245090395e-05 0.04 0.1 0.2 -0.04 0.05 -0.06 0.707106 4.32978e-17 0.707107 4.32977e-17
40 1.618172303130549e-05 0.04 0.1 0.2 0.04 -0.05 -0.06 0 -0.707106 0 0.707107
40 1.66885851715648e-06 0.04 0.1 0.2 -0.04 0.05 0.08 0.672498 0.218508 0.672499 0.218508
40 1.056829410206461e-06 0.04 0.1 0.2 -0.04 -0.05 -0.08 -0.218508 0.672499 -0.218508 0.672498
40 4.07356342240206e-05 0.04 0.1 0.2 0.04 -0.05 0.08 0 -0.707107 0 0.707106
40 2.963274655254367e-05 0.04 0.1 0.2 -0.04 0.05 0.08 0.707107 4.32978e-17 0.707106 -4.32977e-17
40 4.429947828876735e-05 0.04 0.1 0.2 0.04 0.05 -0.08 -0.707106 4.32978e-17 0.707107 -4.32977e-17
40 4.299794381346089e-05 0.04 0.1 0.2 -0.04 -0.05 -0.08 0 0.707106 0 0.707107
40 -1.707033945752556e-06 0.04 0.1 0.2 -0.04 -0.05 0.08 -0.218508 0.672498 -0.218508 0.672499
40 -2.093418641990752e-06 0.04 0.1 0.2 -0.04 0.05 -0.08 0.672499 0.218508 0.672498 0.218508
40 -7.138109681559257e-06 0.04 0.1 0.2 -0.04 -0.05 0.08 0 0.707107 0 0.707106
40 -5.663030889557774e-06 0.04 0.1 0.2 -0.04 0.05 -0.08 0.707106 4.32978e-17 0.707107 4.32977e-17
40 -4.539724391516842e-06 0.04 0.1 0.2 0.04 -0.05 -0.08 0 -0.707106 0 0.707107
40 -4.177083100742607e-05 0.04 0.1 0.2 0.04 -0.04 0.04 0 -0.707107 0 0.707106
40 -3.611629574651332e-05 0.04 0.1 0.2 -0.04 0.04 0.04 0.707107 4.32978e-17 0.707106 -4.32977e-17
40 -8.197513282004465e-05 0.04 0.1 0.2 0.04 0.04 -0.04 -0.707106 4.32978e-17 0.707107 -4.32977e-17
40 -3.247174241272077e-05 0.04 0.1 0.2 -0.04 -0.04 -0.04 0 0.707106 0 0.707107
40 7.663442429484135e-05 0.04 0.1 0.2 0.04 -0.04 0.06 0 -0.707107 0 0.707106
40 6.776064849844943e-05 0.04 0.1 0.2 -0.04 0.04 0.06 0.707107 4.32978e-17 0.707106 -4.32977e-17
40 0.0001310186992080631 0.04 0.1 0.2 0.04 0.04 -0.06 -0.707106 4.32978e-17 0.707107 -4.32977e-17
40 8.686920837819301e-05 0.04 0.1 0.2 -0.04 -0.04 -0.06 0 0.707106 0 0.707107
40 -2.564528571324942e-05 0.04 0.1 0.2 0.04 -0.04 0.08 0 -0.707107 0 0.707106
40 -4.134220070106664e-05 0.04 0.1 0.2 -0.04 0.04 0.08 0.707107 4.32978e-17 0.707106 -4.32977e-17
40 -5.144590750560951e-05 0.04 0.1 0.2 0.04 0.04 -0.08 -0.707106 4.32978e-17 0.707107 -4.32977e-17
40 -8.981022592280397e-06 0.04 0.1 0.2 -0.04 -0.04 -0.08 0 0.707106 0 0.707107
40 -2.038061626041809e-05 0.04 0.1 0.2 -0.04 0.04 0.04 0.707107 -4.32978e-17 0.707107 -4.32978e-17
40 -4.38203764931977e-05 0.04 0.1 0.2 0.04 -0.04 0.04 1.40377e-23 -0.707107 8.65956e-17 0.707107
40 -5.230303658398938e-05 0.04 0.1 0.2 -0.04 -0.04 -0.04 -1.62102e-23 0.707107 -1.62102e-23 0.707107
40 -8.420034026901391e-06 0.04 0.1 0.2 0.04 0.04 -0.04 0.707107 -4.32978e-17 -0.707107 4.32978e-17
40 1.987665391389726e-05 0.04 0.1 0.2 -0.04 0.04 0.06 0.707107 -4.32978e-17 0.707107 -4.32978e-17
40 6.14240874434735e-05 0.04 0.1 0.2 0.04 -0.04 0.06 1.40377e-23 -0.707107 8.65956e-17 0.707107
40 5.396387177647455e-05 0.04 0.1 0.2 -0.04 -0.04 -0.06 -1.62102e-23 0.707107 -1.62102e-23 0.707107
40 1.37408331646327e-05 0.04 0.1 0.2 0.04 0.04 -0.06 0.707107 -4.32978e-17 -0.707107 4.32978e-17
40 5.522535820645658e-06 0.04 0.1 0.2 -0.04 0.04 0.08 0.707107 -4.32978e-17 0.707107 -4.32978e-17
40 -2.93315705537367e-05 0.04 0.1 0.2 0.04 -0.04 0.08 1.40377e-23 -0.707107 8.65956e-17 0.707107
40 -4.608068906541973e-05 0.04 0.1 0.2 -0.04 -0.04 -0.08 -1.62102e-23 0.707107 -1.62102e-23 0.707107
40 -5.115596072080564e-06 0.04 0.1 0.2 0.04 0.04 -0.08 0.707107 -4.32978e-17 -0.707107 4.32978e-17
40 -15017564.72634492 0.04 0.1 0.2 -0.02 0.07000000000000001 -0.02 0.415627 0.572061 -0.572061 0.415629
40 -49190918.57947389 0.04 0.1 0.2 0.02 -0.07000000000000001 -0.02 -0.572061 0.415627 0.415629 0.572061
40 -93202213.13838221 0.04 0.1 0.2 -0.02 -0.07000000000000001 0.02 0.415629 0.572061 0.572061 -0.415627
40 -49208104.11865402 0.04 0.1 0.2 0.02 0.07000000000000001 0.02 0.572061 -0.415629 0.415627 0.572061
40 42662558.02155786 0.04 0.1 0.2 -0.02 0.07000000000000001 6.93889e-18 0.415627 0.572061 -0.572061 0.415629
40 -43271612.89241277 0.04 0.1 0.2 0.02 -0.07000000000000001 6.93889e-18 -0.572061 0.415627 0.415629 0.572061
40 9180437.960868157 0.04 0.1 0.2 -0.02 -0.07000000000000001 1.63364e-18 0.415629 0.572061 0.572061 -0.415627
40 -43254720.61238407 0.04 0.1 0.2 0.02 0.07000000000000001 -4.4896e-18 0.572061 -0.415629 0.415627 0.572061
40 -145483.1550554141 0.04 0.1 0.2 -0.02 -0.07000000000000001 0.06 -0.572061 -0.415627 -0.415627 0.572062
40 -626166.5811980932 0.04 0.1 0.2 0.02 0.07000000000000001 0.06 0.415627 -0.572061 0.572062 0.415627
40 -2574199.644774506 0.04 0.1 0.2 -0.02 0.07000000000000001 -0.06 0.572062 0.415627 -0.415627 0.572061
40 -625850.7544086993 0.04 0.1 0.2 0.02 -0.07000000000000001 -0.06 -0.415627 0.572062 0.572061 0.415627
40 5282746.761538983 0.04 0.1 0.2 -0.02 0.07000000000000001 0.08 0.218508 0.672499 -0.672499 0.218502
40 3345432.122915213 0.04 0.1 0.2 0.02 -0.07000000000000001 0.08 -0.672499 0.218508 0.218502 0.672499
40 309563.3099002683 0.04 0.1 0.2 -0.02 -0.07000000000000001 -0.08 0.218502 0.672499 0.672499 -0.218508
40 3345463.970555854 0.04 0.1 0.2 0.02 0.07000000000000001 -0.08 0.672499 -0.218502 0.218508 0.672499
40 11699657.37084984 0.04 0.1 0.2 -0.02 0.07000000000000001 0.08 0.415627 0.572061 -0.572061 0.415629
40 -109408195.7110264 0.04 0.1 0.2 0.02 -0.07000000000000001 0.08 -0.572061 0.415627 0.415629 0.572061
40 -110127927.6830713 0.04 0.1 0.2 -0.02 -0.07000000000000001 -0.08 0.415629 0.572061 0.572061 -0.415627
40 -109400245.250527 0.04 0.1 0.2 0.02 0.07000000000000001 -0.08 0.572061 -0.415629 0.415627 0.572061
40 -35497344.6801312 0.04 0.1 0.2 -0.02 -0.07000000000000001 0.08 -0.415627 -0.572061 -0.572061 0.415629
40 -272613635.4988773 0.04 0.1 0.2 0.02 0.07000000000000001 0.08 0.572061 -0.415627 0.415629 0.572061
40 -269369135.7970362 0.04 0.1 0.2 -0.02 0.07000000000000001 -0.08 0.415629 0.572061 -0.572061 0.415627
40 -272618513.4578267 0.04 0.1 0.2 0.02 -0.07000000000000001 -0.08 -0.572061 0.415629 0.415627 0.572061
40 83057.57691650101 0.04 0.1 0.2 -0.02 -0.07000000000000001 0.08 -0.572061 -0.415627 -0.415627 0.572062
40 1574138.670542673 0.04 0.1 0.2 0.02 0.07000000000000001 0.08 0.415627 -0.572061 0.572062 0.415627
40 1032352.076930669 0.04 0.1 0.2 -0.02 0.07000000000000001 -0.08 0.572062 0.415627 -0.415627 0.572061
40 1574218.856143236 0.04 0.1 0.2 0.02 -0.07000000000000001 -0.08 -0.415627 0.572062 0.572061 0.415627
40 -1012.01547789001 0.04 0.1 0.2 -0.02 -0.07000000000000001 0.08 -0.672499 -0.218508 -0.218508 0.672498
40 0.1365710436792686 0.04 0.1 0.2 0.02 0.07000000000000001 0.08 -0.218508 0.672499 -0.672498 -0.218508
40 31383.69055886632 0.04 0.1 0.2 -0.02 0.07000000000000001 -0.08 0.672498 0.218508 -0.218508 0.672499
40 -1.047744746694137 0.04 0.1 0.2 0.02 -0.07000000000000001 -0.08 -0.218508 0.672498 0.672499 0.218508
40 -23521.53995514952 0.04 0.1 0.2 -0.02 -0.07000000000000001 0.08 -0.707107 0 0 0.707106
40 -37790.72046963477 0.04 0.1 0.2 0.02 0.07000000000000001 0.08 -4.32978e-17 0.707107 -0.707106 4.32977e-17
40 -22965.23747209175 0.04 0.1 0.2 -0.02 0.07000000000000001 -0.08 0.707106 0 0 0.707107
40 -3.902616008530581 0.04 0.1 0.2 0.02 -0.07000000000000001 -0.08 -4.32978e-17 0.707106 0.707107 4.32977e-17
40 -117799578.2703514 0.04 0.1 0.2 -0.016 0.07000000000000001 -0.02 0.415627 0.572061 -0.572061 0.415629
40 21332944.37032167 0.04 0.1 0.2 0.016 -0.07000000000000001 -0.02 -0.572061 0.415627 0.415629 0.572061
40 81000857.0421122 0.04 0.1 0.2 -0.016 -0.07000000000000001 0.02 0.415629 0.572061 0.572061 -0.415627
40 21327230.00426091 0.04 0.1 0.2 0.016 0.07000000000000001 0.02 0.572061 -0.415629 0.415627 0.572061
40 -115702255.1318903 0.04 0.1 0.2 -0.016 0.07000000000000001 6.93889e-18 0.415627 0.572061 -0.572061 0.415629
40 -49125995.10870962 0.04 0.1 0.2 0.016 -0.07000000000000001 6.93889e-18 -0.572061 0.415627 0.415629 0.572061
40 -17908894.18440101 0.04 0.1 0.2 -0.016 -0.07000000000000001 1.63364e-18 0.415629 0.572061 0.572061 -0.415627
40 -49129114.0586966 0.04 0.1 0.2 0.016 0.07000000000000001 -4.97946e-18 0.572061 -0.415629 0.415627 0.572061
40 -234678617.8081118 0.04 0.1 0.2 -0.016 -0.07000000000000001 6.93889e-18 -0.415627 -0.572061 -0.572061 0.415629
40 -407644249.5838071 0.04 0.1 0.2 0.016 0.07000000000000001 6.93889e-18 0.572061 -0.415627 0.415629 0.572061
40 -508251543.7704342 0.04 0.1 0.2 -0.016 0.07000000000000001 -1.55114e-17 0.415629 0.572061 -0.572061 0.415627
40 -407638483.3901006 0.04 0.1 0.2 0.016 -0.07000000000000001 -4.97946e-18 -0.572061 0.415629 0.415627 0.572061
40 434971.3556711287 0.04 0.1 0.2 -0.016 -0.07000000000000001 0.06 -0.572061 -0.415627 -0.415627 0.572062
40 -167553.1241946221 0.04 0.1 0.2 0.016 0.07000000000000001 0.06 0.415627 -0.572061 0.572062 0.415627
40 -2219054.586479674 0.04 0.1 0.2 -0.016 0.07000000000000001 -0.06 0.572062 0.415627 -0.415627 0.572061
40 -167236.9204419293 0.04 0.1 0.2 0.016 -0.07000000000000001 -0.06 -0.415627 0.572062 0.572061 0.415627
40 -23739156.96439871 0.04 0.1 0.2 -0.016 0.07000000000000001 0.08 0.415627 0.572061 -0.572061 0.415629
40 -58560437.39691751 0.04 0.1 0.2 0.016 -0.07000000000000001 0.08 -0.572061 0.415627 0.415629 0.572061
40 -59362512.90229253 0.04 0.1 0.2 -0.016 -0.07000000000000001 -0.08 0.415629 0.572061 0.572061 -0.415627
40 -58566330.03026395 0.04 0.1 0.2 0.016 0.07000000000000001 -0.08 0.572061 -0.415629 0.415627 0.572061
40 6224276.944517838 0.04 0.1 0.2 -0.016 -0.07000000000000001 0.08 -0.415627 -0.572061 -0.572061 0.415629
40 -99171377.91858242 0.04 0.1 0.2 0.016 0.07000000000000001 0.08 0.572061 -0.415627 0.415629 0.572061
40 -79006643.82767472 0.04 0.1 0.2 -0.016 0.07000000000000001 -0.08 0.415629 0.572061 -0.572061 0.415627
40 -99152116.6667183 0.04 0.1 0.2 0.016 -0.07000000000000001 -0.08 -0.572061 0.415629 0.415627 0.572061
40 -166543.5917107783 0.04 0.1 0.2 -0.016 -0.07000000000000001 0.08 -0.572061 -0.415627 -0.415627 0.572062
40 1035784.071972162 0.04 0.1 0.2 0.016 0.07000000000000001 0.08 0.415627 -0.572061 0.572062 0.415627
40 794630.6283053362 0.04 0.1 0.2 -0.016 0.07000000000000001 -0.08 0.572062 0.415627 -0.415627 0.572061
40 1035899.102929886 0.04 0.1 0.2 0.016 -0.07000000000000001 -0.08 -0.415627 0.572062 0.572061 0.415627
40 -953.8593827745337 0.04 0.1 0.2 -0.016 -0.07000000000000001 0.08 -0.672499 -0.218508 -0.218508 0.672498
40 0.02708511405619696 0.04 0.1 0.2 0.016 0.07000000000000001 0.08 -0.218508 0.672499 -0.672498 -0.218508
40 26677.62096731417 0.04 0.1 0.2 -0.016 0.07000000000000001 -0.08 0.672498 0.218508 -0.218508 0.672499
40 -3067.198951743836 0.04 0.1 0.2 0.016 -0.07000000000000001 -0.08 -0.218508 0.672498 0.672499 0.218508
40 -301666007.0602922 0.04 0.1 0.2 -0.012 0.07000000000000001 -0.02 0.415627 0.572061 -0.572061 0.415629
40 -236675848.2606858 0.04 0.1 0.2 0.012 -0.07000000000000001 -0.02 -0.572061 0.415627 0.415629 0.572061
40 -178630120.2471802 0.04 0.1 0.2 -0.012 -0.07000000000000001 0.02 0.415629 0.572061 0.572061 -0.415627
40 -236674744.0562346 0.04 0.1 0.2 0.012 0.07000000000000001 0.02 0.572061 -0.415629 0.415627 0.572061
40 -431690.4417507993 0.04 0.1 0.2 -0.012 -0.07000000000000001 0.06 -0.572061 -0.415627 -0.415627 0.572062
40 -1564706.678647613 0.04 0.1 0.2 0.012 0.07000000000000001 0.06 0.415627 -0.572061 0.572062 0.415627
40 -2961215.214730404 0.04 0.1 0.2 -0.012 0.07000000000000001 -0.06 0.572062 0.415627 -0.415627 0.572061
40 -1564070.069059068 0.04 0.1 0.2 0.012 -0.07000000000000001 -0.06 -0.415627 0.572062 0.572061 0.415627
40 4520272.406333638 0.04 0.1 0.2 -0.012 0.07000000000000001 0.08 0.415627 0.572061 -0.572061 0.415629
40 -108107673.0485684 0.04 0.1 0.2 0.012 -0.07000000000000001 0.08 -0.572061 0.415627 0.415629 0.572061
40 -94406173.0096162 0.04 0.1 0.2 -0.012 -0.07000000000000001 -0.08 0.415629 0.572061 0.572061 -0.415627
40 -108111858.0271424 0.04 0.1 0.2 0.012 0.07000000000000001 -0.08 0.572061 -0.415629 0.415627 0.572061
40 89446254.17372149 0.04 0.1 0.2 -0.012 -0.07000000000000001 0.08 -0.415627 -0.572061 -0.572061 0.415629
40 -71177974.48262976 0.04 0.1 0.2 0.012 0.07000000000000001 0.08 0.572061 -0.415627 0.415629 0.572061
40 -98444244.5364479 0.04 0.1 0.2 -0.012 0.07000000000000001 -0.08 0.415629 0.572061 -0.572061 0.415627
40 -71190031.87639195 0.04 0.1 0.2 0.012 -0.07000000000000001 -0.08 -0.572061 0.415629 0.415627 0.572061
40 2823.709646147151 0.04 0.1 0.2 -0.012 -0.07000000000000001 0.08 -0.572061 -0.415627 -0.415627 0.572062
40 990164.5002722637 0.04 0.1 0.2 0.012 0.07000000000000001 0.08 0.415627 -0.572061 0.572062 0.415627
40 825325.0637577616 0.04 0.1 0.2 -0.012 0.07000000000000001 -0.08 0.572062 0.415627 -0.415627 0.572061
40 990839.3753148541 0.04 0.1 0.2 0.012 -0.07000000000000001 -0.08 -0.415627 0.572062 0.572061 0.415627
40 -883.2582897196579 0.04 0.1 0.2 -0.012 -0.07000000000000001 0.08 -0.672499 -0.218508 -0.218508 0.672498
40 -0.01457138516954171 0.04 0.1 0.2 0.012 0.07000000000000001 0.08 -0.218508 0.672499 -0.672498 -0.218508
40 21903.57667158122 0.04 0.1 0.2 -0.012 0.07000000000000001 -0.08 0.672498 0.218508 -0.218508 0.672499
40 -17389.09353637366 0.04 0.1 0.2 0.012 -0.07000000000000001 -0.08 -0.218508 0.672498 0.672499 0.218508
40 -104550859.8278037 0.04 0.1 0.2 -0.008 0.07000000000000001 -0.02 0.415627 0.572061 -0.572061 0.415629
40 -113468720.654342 0.04 0.1 0.2 0.008 -0.07000000000000001 -0.02 -0.572061 0.415627 0.415629 0.572061
40 -67942375.69889146 0.04 0.1 0.2 -0.008 -0.07000000000000001 0.02 0.415629 0.572061 0.572061 -0.415627
40 -113478495.1926478 0.04 0.1 0.2 0.008 0.07000000000000001 0.02 0.572061 -0.415629 0.415627 0.572061
40 125034.9049046515 0.04 0.1 0.2 -0.008 0.07000000000000001 6.93889e-18 0.415627 0.572061 -0.572061 0.415629
40 -155026465.067459 0.04 0.1 0.2 0.008 -0.07000000000000001 6.93889e-18 -0.572061 0.415627 0.415629 0.572061
40 -251309219.4439227 0.04 0.1 0.2 -0.008 -0.07000000000000001 1.63364e-18 0.415629 0.572061 0.572061 -0.415627
40 -155025476.6663352 0.04 0.1 0.2 0.008 0.07000000000000001 -5.95917e-18 0.572061 -0.415629 0.415627 0.572061
40 143341.0571693243 0.04 0.1 0.2 -0.008 -0.07000000000000001 0.06 -0.572061 -0.415627 -0.415627 0.572062
40 -1106725.334598736 0.04 0.1 0.2 0.008 0.07000000000000001 0.06 0.415627 -0.572061 0.572062 0.415627
40 -2604476.48327883 0.04 0.1 0.2 -0.008 0.07000000000000001 -0.06 0.572062 0.415627 -0.415627 0.572061
40 -1106656.061745658 0.04 0.1 0.2 0.008 -0.07000000000000001 -0.06 -0.415627 0.572062 0.572061 0.415627
40 -3253442.809157336 0.04 0.1 0.2 -0.008 0.07000000000000001 0.08 0.415627 0.572061 -0.572061 0.415629
40 -87343527.95448954 0.04 0.1 0.2 0.008 -0.07000000000000001 0.08 -0.572061 0.415627 0.415629 0.572061
40 -87237219.39046061 0.04 0.1 0.2 -0.008 -0.07000000000000001 -0.08 0.415629 0.572061 0.572061 -0.415627
40 -87342546.05588959 0.04 0.1 0.2 0.008 0.07000000000000001 -0.08 0.572061 -0.415629 0.415627 0.572061
40 -60309090.44465636 0.04 0.1 0.2 -0.008 -0.07000000000000001 0.08 -0.415627 -0.572061 -0.572061 0.415629
40 -265995323.8593251 0.04 0.1 0.2 0.008 0.07000000000000001 0.08 0.572061 -0.415627 0.415629 0.572061
40 -250857303.95283 0.04 0.1 0.2 -0.008 0.07000000000000001 -0.08 0.415629 0.572061 -0.572061 0.415627
40 -265991757.1699347 0.04 0.1 0.2 0.008 -0.07000000000000001 -0.08 -0.572061 0.415629 0.415627 0.572061
40 160313.2827221864 0.04 0.1 0.2 -0.008 -0.07000000000000001 0.08 -0.572061 -0.415627 -0.415627 0.572062
40 910361.8264305004 0.04 0.1 0.2 0.008 0.07000000000000001 0.08 0.415627 -0.572061 0.572062 0.415627
40 837988.7649842174 0.04 0.1 0.2 -0.008 0.07000000000000001 -0.08 0.572062 0.415627 -0.415627 0.572061
40 910750.7704822448 0.04 0.1 0.2 0.008 -0.07000000000000001 -0.08 -0.415627 0.572062 0.572061 0.415627
40 -80422.03480504153 0.04 0.1 0.2 -0.004 -0.07000000000000001 0.08 -0.572061 -0.415627 -0.415627 0.572062
40 388370.2644958269 0.04 0.1 0.2 0.004 0.07000000000000001 0.08 0.415627 -0.572061 0.572062 0.415627
40 608859.4783575601 0.04 0.1 0.2 -0.004 0.07000000000000001 -0.08 0.572062 0.415627 -0.415627 0.572061
40 388661.4243686678 0.04 0.1 0.2 0.004 -0.07000000000000001 -0.08 -0.415627 0.572062 0.572061 0.415627
40 -572131.3197016624 0.04 0.1 0.2 0.004 0.07000000000000001 0.08 0.415627 -0.572061 0.572061 0.415629
40 -80635.10628079339 0.04 0.1 0.2 -0.004 -0.07000000000000001 0.08 -0.572061 -0.415627 -0.415629 0.572061
40 -572341.7975126116 0.04 0.1 0.2 0.004 -0.07000000000000001 -0.08 -0.415629 0.572061 0.572061 0.415627
40 -708107.3619686407 0.04 0.1 0.2 -0.004 0.07000000000000001 -0.08 0.572061 0.415629 -0.415627 0.572061
40 -253720749.3804637 0.04 0.1 0.2 0.008 -0.07000000000000001 -0.02 -0.572061 0.415627 0.415627 0.572062
40 -24940836.27127231 0.04 0.1 0.2 -0.008 0.07000000000000001 -0.02 -0.415627 -0.572061 0.572062 -0.415627
40 -253710600.9199619 0.04 0.1 0.2 0.008 0.07000000000000001 0.02 0.572062 -0.415627 0.415627 0.572061
40 -202683431.6183898 0.04 0.1 0.2 -0.008 -0.07000000000000001 0.02 0.415627 0.572062 0.572061 -0.415627
40 1478168.48574268 0.04 0.1 0.2 0.008 0.07000000000000001 0.06 0.415627 -0.572061 0.572061 0.415629
40 142978.6238137335 0.04 0.1 0.2 -0.008 -0.07000000000000001 0.06 -0.572061 -0.415627 -0.415629 0.572061
40 1478059.035096273 0.04 0.1 0.2 0.008 -0.07000000000000001 -0.06 -0.415629 0.572061 0.572061 0.415627
40 2822382.008015146 0.04 0.1 0.2 -0.008 0.07000000000000001 -0.06 0.572061 0.415629 -0.415627 0.572061
40 110311124.9660402 0.04 0.1 0.2 0.008 -0.07000000000000001 0.06 -0.572061 0.415627 0.415627 0.572062
40 158084501.9641368 0.04 0.1 0.2 -0.008 0.07000000000000001 0.06 -0.415627 -0.572061 0.572062 -0.415627
40 110311569.8634146 0.04 0.1 0.2 0.008 0.07000000000000001 -0.06 0.572062 -0.415627 0.415627 0.572061
40 83730611.94456273 0.04 0.1 0.2 -0.008 -0.07000000000000001 -0.06 0.415627 0.572062 0.572061 -0.415627
40 82973357.42615019 0.04 0.1 0.2 0.008 0.07000000000000001 0.08 0.572061 -0.415627 0.415627 0.572062
40 -123817209.7943065 0.04 0.1 0.2 -0.008 -0.07000000000000001 0.08 0.415627 0.572061 0.572062 -0.415627
40 82975826.63979837 0.04 0.1 0.2 0.008 -0.07000000000000001 -0.08 -0.572062 0.415627 0.415627 0.572061
40 90815120.56002751 0.04 0.1 0.2 -0.008 0.07000000000000001 -0.08 0.415627 0.572062 -0.572061 0.415627
40 -550488.8098208793 0.04 0.1 0.2 0.008 0.07000000000000001 0.08 0.415627 -0.572061 0.572061 0.415629
40 160796.7770775135 0.04 0.1 0.2 -0.008 -0.07000000000000001 0.08 -0.572061 -0.415627 -0.415629 0.572061
40 -551163.2076013018 0.04 0.1 0.2 0.008 -0.07000000000000001 -0.08 -0.415629 0.572061 0.572061 0.415627
40 -641876.4050922383 0.04 0.1 0.2 -0.008 0.07000000000000001 -0.08 0.572061 0.415629 -0.415627 0.572061
40 82547146.24268642 0.04 0.1 0.2 0.008 -0.07000000000000001 0.08 -0.572061 0.415627 0.415627 0.572062
40 -15487485.38075706 0.04 0.1 0.2 -0.008 0.07000000000000001 0.08 -0.415627 -0.572061 0.572062 -0.415627
40 82546847.89131409 0.04 0.1 0.2 0.008 0.07000000000000001 -0.08 0.572062 -0.415627 0.415627 0.572061
40 77690074.71307948 0.04 0.1 0.2 -0.008 -0.07000000000000001 -0.08 0.415627 0.572062 0.572061 -0.415627
40 -370146544.0955608 0.04 0.1 0.2 0.012 -0.07000000000000001 -0.02 -0.572061 0.415627 0.415627 0.572062
40 -111178835.1582567 0.04 0.1 0.2 -0.012 0.07000000000000001 -0.02 -0.415627 -0.572061 0.572062 -0.415627
40 -370151311.1523406 0.04 0.1 0.2 0.012 0.07000000000000001 0.02 0.572062 -0.415627 0.415627 0.572061
40 -306062860.3968356 0.04 0.1 0.2 -0.012 -0.07000000000000001 0.02 0.415627 0.572062 0.572061 -0.415627
40 -598337168.2565634 0.04 0.1 0.2 0.012 0.07000000000000001 0.06 0.572061 -0.415627 0.415627 0.572062
40 -272578938.828783 0.04 0.1 0.2 -0.012 -0.07000000000000001 0.06 0.415627 0.572061 0.572062 -0.415627
40 -598325426.3159319 0.04 0.1 0.2 0.012 -0.07000000000000001 -0.06 -0.572062 0.415627 0.415627 0.572061
40 -568989803.6729286 0.04 0.1 0.2 -0.012 0.07000000000000001 -0.06 0.415627 0.572062 -0.572061 0.415627
40 454522.0500814107 0.04 0.1 0.2 0.012 0.07000000000000001 0.06 0.415627 -0.572061 0.572061 0.415629
40 -431943.5678005301 0.04 0.1 0.2 -0.012 -0.07000000000000001 0.06 -0.572061 -0.415627 -0.415629 0.572061
40 454005.5411367741 0.04 0.1 0.2 0.012 -0.07000000000000001 -0.06 -0.415629 0.572061 0.572061 0.415627
40 2305168.585517207 0.04 0.1 0.2 -0.012 0.07000000000000001 -0.06 0.572061 0.415629 -0.415627 0.572061
40 -107053357.369635 0.04 0.1 0.2 0.012 -0.07000000000000001 0.06 -0.572061 0.415627 0.415627 0.572062
40 -264042020.3023807 0.04 0.1 0.2 -0.012 0.07000000000000001 0.06 -0.415627 -0.572061 0.572062 -0.415627
40 -107053683.7188181 0.04 0.1 0.2 0.012 0.07000000000000001 -0.06 0.572062 -0.415627 0.415627 0.572061
40 -113412742.7237027 0.04 0.1 0.2 -0.012 -0.07000000000000001 -0.06 0.415627 0.572062 0.572061 -0.415627
40 281422549.0221331 0.04 0.1 0.2 0.012 0.07000000000000001 0.08 0.572061 -0.415627 0.415627 0.572062
40 103776533.4162211 0.04 0.1 0.2 -0.012 -0.07000000000000001 0.08 0.415627 0.572061 0.572062 -0.415627
40 281415123.2695004 0.04 0.1 0.2 0.012 -0.07000000000000001 -0.08 -0.572062 0.415627 0.415627 0.572061
40 246544036.8895428 0.04 0.1 0.2 -0.012 0.07000000000000001 -0.08 0.415627 0.572062 -0.572061 0.415627
40 -971403.2555815305 0.04 0.1 0.2 0.012 0.07000000000000001 0.08 0.415627 -0.572061 0.572061 0.415629
40 3335.616886268621 0.04 0.1 0.2 -0.012 -0.07000000000000001 0.08 -0.572061 -0.415627 -0.415629 0.572061
40 -971704.8082809114 0.04 0.1 0.2 0.012 -0.07000000000000001 -0.08 -0.415629 0.572061 0.572061 0.415627
40 -816056.6719509719 0.04 0.1 0.2 -0.012 0.07000000000000001 -0.08 0.572061 0.415629 -0.415627 0.572061
40 -26.76376420529739 0.04 0.1 0.2 0.012 0.07000000000000001 0.08 0.218508 -0.672499 0.672499 0.218502
40 883.0268741552042 0.04 0.1 0.2 -0.012 -0.07000000000000001 0.08 -0.672499 -0.218508 -0.218502 0.672499
40 17361.41287896174 0.04 0.1 0.2 0.012 -0.07000000000000001 -0.08 -0.218502 0.672499 0.672499 0.218508
40 -21910.74944782934 0.04 0.1 0.2 -0.012 0.07000000000000001 -0.08 0.672499 0.218502 -0.218508 0.672499
40 69394854.98746757 0.04 0.1 0.2 0.012 -0.07000000000000001 0.08 -0.572061 0.415627 0.415627 0.572062
40 -43596932.63389137 0.04 0.1 0.2 -0.012 0.07000000000000001 0.08 -0.415627 -0.572061 0.572062 -0.415627
40 69396075.24164221 0.04 0.1 0.2 0.012 0.07000000000000001 -0.08 0.572062 -0.415627 0.415627 0.572061
40 78605079.2005087 0.04 0.1 0.2 -0.012 -0.07000000000000001 -0.08 0.415627 0.572062 0.572061 -0.415627
40 -105182211.1363239 0.04 0.1 0.2 0.016 -0.07000000000000001 -0.02 -0.572061 0.415627 0.415627 0.572062
40 290426388.972294 0.04 0.1 0.2 -0.016 0.07000000000000001 -0.02 -0.415627 -0.572061 0.572062 -0.415627
40 -105174013.5569683 0.04 0.1 0.2 0.016 0.07000000000000001 0.02 0.572062 -0.415627 0.415627 0.572061
40 -38915959.497855 0.04 0.1 0.2 -0.016 -0.07000000000000001 0.02 0.415627 0.572062 0.572061 -0.415627
40 1281358.521536482 0.04 0.1 0.2 0.016 0.07000000000000001 0.06 0.415627 -0.572061 0.572061 0.415629
40 434455.3283315678 0.04 0.1 0.2 -0.016 -0.07000000000000001 0.06 -0.572061 -0.415627 -0.415629 0.572061
40 1280922.464646477 0.04 0.1 0.2 0.016 -0.07000000000000001 -0.06 -0.415629 0.572061 0.572061 0.415627
40 2880447.7493881 0.04 0.1 0.2 -0.016 0.07000000000000001 -0.06 0.572061 0.415629 -0.415627 0.572061
40 -115922206.5691612 0.04 0.1 0.2 0.016 -0.07000000000000001 0.06 -0.572061 0.415627 0.415627 0.572062
40 27612007.89486483 0.04 0.1 0.2 -0.016 0.07000000000000001 0.06 -0.415627 -0.572061 0.572062 -0.415627
40 -115927915.5051981 0.04 0.1 0.2 0.016 0.07000000000000001 -0.06 0.572062 -0.415627 0.415627 0.572061
40 -130604151.121337 0.04 0.1 0.2 -0.016 -0.07000000000000001 -0.06 0.415627 0.572062 0.572061 -0.415627
40 256616687.3310589 0.04 0.1 0.2 0.016 0.07000000000000001 0.08 0.572061 -0.415627 0.415627 0.572062
40 170313371.220731 0.04 0.1 0.2 -0.016 -0.07000000000000001 0.08 0.415627 0.572061 0.572062 -0.415627
40 256619252.9702646 0.04 0.1 0.2 0.016 -0.07000000000000001 -0.08 -0.572062 0.415627 0.415627 0.572061
40 268817885.2580891 0.04 0.1 0.2 -0.016 0.07000000000000001 -0.08 0.415627 0.572062 -0.572061 0.415627
40 -1424427.965995067 0.04 0.1 0.2 0.016 0.07000000000000001 0.08 0.415627 -0.572061 0.572061 0.415629
40 -166132.0025996928 0.04 0.1 0.2 -0.016 -0.07000000000000001 0.08 -0.572061 -0.415627 -0.415629 0.572061
40 -1424755.778997446 0.04 0.1 0.2 0.016 -0.07000000000000001 -0.08 -0.415629 0.572061 0.572061 0.415627
40 -1006924.630726179 0.04 0.1 0.2 -0.016 0.07000000000000001 -0.08 0.572061 0.415629 -0.415627 0.572061
40 30.4349650884492 0.04 0.1 0.2 0.016 0.07000000000000001 0.08 0.218508 -0.672499 0.672499 0.218502
40 954.3184609310322 0.04 0.1 0.2 -0.016 -0.07000000000000001 0.08 -0.672499 -0.218508 -0.218502 0.672499
40 3099.459406165327 0.04 0.1 0.2 0.016 -0.07000000000000001 -0.08 -0.218502 0.672499 0.672499 0.218508
40 -26666.73477825693 0.04 0.1 0.2 -0.016 0.07000000000000001 -0.08 0.672499 0.218502 -0.218508 0.672499
40 126348561.4895814 0.04 0.1 0.2 0.016 -0.07000000000000001 0.08 -0.572061 0.415627 0.415627 0.572062
40 139082409.4233233 0.04 0.1 0.2 -0.016 0.07000000000000001 0.08 -0.415627 -0.572061 0.572062 -0.415627
40 126365129.1732048 0.04 0.1 0.2 0.016 0.07000000000000001 -0.08 0.572062 -0.415627 0.415627 0.572061
40 121531579.6314618 0.04 0.1 0.2 -0.016 -0.07000000000000001 -0.08 0.415627 0.572062 0.572061 -0.415627
40 -168616644.3564524 0.04 0.1 0.2 0.02 -0.07000000000000001 -0.02 -0.572061 0.415627 0.415627 0.572062
40 -154602385.6863153 0.04 0.1 0.2 -0.02 0.07000000000000001 -0.02 -0.415627 -0.572061 0.572062 -0.415627
40 -168657644.0567394 0.04 0.1 0.2 0.02 0.07000000000000001 0.02 0.572062 -0.415627 0.415627 0.572061
40 -205494365.5721007 0.04 0.1 0.2 -0.02 -0.07000000000000001 0.02 0.415627 0.572062 0.572061 -0.415627
40 251678.2765814223 0.04 0.1 0.2 0.02 0.07000000000000001 0.06 0.415627 -0.572061 0.572061 0.415629
40 -146636.7045633655 0.04 0.1 0.2 -0.02 -0.07000000000000001 0.06 -0.572061 -0.415627 -0.415629 0.572061
40 251402.3754307319 0.04 0.1 0.2 0.02 -0.07000000000000001 -0.06 -0.415629 0.572061 0.572061 0.415627
40 2351821.050847352 0.04 0.1 0.2 -0.02 0.07000000000000001 -0.06 0.572061 0.415629 -0.415627 0.572061
40 -402715714.3008148 0.04 0.1 0.2 0.02 -0.07000000000000001 0.06 -0.572061 0.415627 0.415627 0.572062
40 78335868.78162913 0.04 0.1 0.2 -0.02 0.07000000000000001 0.06 -0.415627 -0.572061 0.572062 -0.415627
40 -402705713.5116311 0.04 0.1 0.2 0.02 0.07000000000000001 -0.06 0.572062 -0.415627 0.415627 0.572061
40 -393088599.0992225 0.04 0.1 0.2 -0.02 -0.07000000000000001 -0.06 0.415627 0.572062 0.572061 -0.415627
40 37783.33387027578 0.04 0.1 0.2 0.02 0.07000000000000001 0.08 -8.65956e-17 0.707107 -0.707107 4.32978e-17
40 23516.63878514762 0.04 0.1 0.2 -0.02 -0.07000000000000001 0.08 -0.707107 -1.29893e-16 8.65956e-17 0.707107
40 3.382811124722794 0.04 0.1 0.2 0.02 -0.07000000000000001 -0.08 4.32978e-17 0.707107 0.707107 8.65956e-17
40 22960.43997786337 0.04 0.1 0.2 -0.02 0.07000000000000001 -0.08 0.707107 -8.65956e-17 -4.32978e-17 0.707107
40 85870856.59932278 0.04 0.1 0.2 0.02 0.07000000000000001 0.08 0.572061 -0.415627 0.415627 0.572062
40 -142963027.1411988 0.04 0.1 0.2 -0.02 -0.07000000000000001 0.08 0.415627 0.572061 0.572062 -0.415627
40 85865042.234851 0.04 0.1 0.2 0.02 -0.07000000000000001 -0.08 -0.572062 0.415627 0.415627 0.572061
40 80891641.99042593 0.04 0.1 0.2 -0.02 0.07000000000000001 -0.08 0.415627 0.572062 -0.572061 0.415627
40 -1380948.005075503 0.04 0.1 0.2 0.02 0.07000000000000001 0.08 0.415627 -0.572061 0.572061 0.415629
40 83412.28905334165 0.04 0.1 0.2 -0.02 -0.07000000000000001 0.08 -0.572061 -0.415627 -0.415629 0.572061
40 -1380983.913688179 0.04 0.1 0.2 0.02 -0.07000000000000001 -0.08 -0.415629 0.572061 0.572061 0.415627
40 -926995.4442944056 0.04 0.1 0.2 -0.02 0.07000000000000001 -0.08 0.572061 0.415629 -0.415627 0.572061
40 -4.592604526086582 0.04 0.1 0.2 0.02 0.07000000000000001 0.08 0.218508 -0.672499 0.672499 0.218502
40 1011.886023691006 0.04 0.1 0.2 -0.02 -0.07000000000000001 0.08 -0.672499 -0.218508 -0.218502 0.672499
40 -4.447376158423404 0.04 0.1 0.2 0.02 -0.07000000000000001 -0.08 -0.218502 0.672499 0.672499 0.218508
40 -31383.60561376821 0.04 0.1 0.2 -0.02 0.07000000000000001 -0.08 0.672499 0.218502 -0.218508 0.672499
40 -3345530.691032292 0.04 0.1 0.2 0.02 -0.07000000000000001 0.08 -0.672499 0.218508 0.218508 0.672498
40 -5282920.747881358 0.04 0.1 0.2 -0.02 0.07000000000000001 0.08 0.218508 0.672499 -0.672498 0.218508
40 -3345562.543389365 0.04 0.1 0.2 0.02 0.07000000000000001 -0.08 0.672498 -0.218508 0.218508 0.672499
40 -309570.2800627319 0.04 0.1 0.2 -0.02 -0.07000000000000001 -0.08 0.218508 0.672498 0.672499 -0.218508
40 82687270.11832783 0.04 0.1 0.2 0.02 -0.07000000000000001 0.08 -0.572061 0.415627 0.415627 0.572062
40 -80053671.11195433 0.04 0.1 0.2 -0.02 0.07000000000000001 0.08 -0.415627 -0.572061 0.572062 -0.415627
40 82673139.2662597 0.04 0.1 0.2 0.02 0.07000000000000001 -0.08 0.572062 -0.415627 0.415627 0.572061
40 78407177.32184599 0.04 0.1 0.2 -0.02 -0.07000000000000001 -0.08 0.415627 0.572062 0.572061 -0.415627
40 13893400.92173783 0.04 0.1 0.2 -0.02 -0.05 0.12 6.12323e-17 1 -6.12323e-17 3.7494e-33
40 13893597.14115558 0.04 0.1 0.2 0.02 0.05 0.12 1 3.99574e-23 -7.498799999999999e-33 -6.12323e-17
40 13894167.67128094 0.04 0.1 0.2 -0.02 0.05 -0.12 7.498799999999999e-33 1.22465e-16 1 -6.12323e-17
40 13893399.8227469 0.04 0.1 0.2 0.02 -0.05 -0.12 6.12323e-17 -6.12323e-17 6.12323e-17 1
40 -6679470.166301996 0.04 0.1 0.2 -0.02 -0.05 0.12 0.309017 0.951057 -5.82354e-17 1.89218e-17
40 -6679639.227744165 0.04 0.1 0.2 0.02 0.05 0.12 0.951057 -0.309017 -1.89218e-17 -5.82354e-17
40 -6715533.366265405 0.04 0.1 0.2 -0.02 0.05 -0.12 3.78436e-17 1.16471e-16 0.951057 -0.309017
40 -6678916.94848072 0.04 0.1 0.2 0.02 -0.05 -0.12 3.93136e-17 -7.71573e-17 0.309017 0.951057
40 -55310097.76823656 0.04 0.1 0.2 -0.02 -0.05 0.12 0.587785 0.809017 -4.9538e-17 3.59915e-17
40 -55212338.22392216 0.04 0.1 0.2 0.02 0.05 0.12 0.809017 -0.587785 -3.59915e-17 -4.9538e-17
