0.120414 0.04 0.12 0.18 -0.02 -0.08 0.036 -0.415627 -0.572061 -0.572061 0.415629
0.120414 0.04 0.12 0.18 -0.02 -0.08 0.036 0.415629 0.572061 -0.572061 0.415627
0.120414 0.04 0.12 0.18 -0.02 -0.08 0.036 0.572061 -0.415627 0.415629 0.572061
0.120414 0.04 0.12 0.18 -0.02 -0.08 0.036 -0.572061 0.415629 0.415627 0.572061
0.257566 0.04 0.12 0.18 -0.016 -0.08 0.018 -0.415627 -0.572061 -0.572061 0.415629
0.257566 0.04 0.12 0.18 -0.016 -0.08 0.018 0.415629 0.572061 -0.572061 0.415627
0.257566 0.04 0.12 0.18 -0.016 -0.08 0.018 0.572061 -0.415627 0.415629 0.572061
0.257566 0.04 0.12 0.18 -0.016 -0.08 0.018 -0.572061 0.415629 0.415627 0.572061
0.0063749 0.04 0.12 0.18 -0.016 -0.08 0.036 -0.415627 -0.572061 -0.572061 0.415629
0.0063749 0.04 0.12 0.18 -0.016 -0.08 0.036 0.415629 0.572061 -0.572061 0.415627
0.0063749 0.04 0.12 0.18 -0.016 -0.08 0.036 0.572061 -0.415627 0.415629 0.572061
0.0063749 0.04 0.12 0.18 -0.016 -0.08 0.036 -0.572061 0.415629 0.415627 0.572061
0.0117733 0.04 0.12 0.18 -0.016 0.08 0.054 0.415627 0.572061 -0.572061 0.415629
0.0117733 0.04 0.12 0.18 -0.016 0.08 0.054 0.415629 0.572061 0.572061 -0.415627
0.0117733 0.04 0.12 0.18 -0.016 0.08 0.054 -0.572061 0.415627 0.415629 0.572061
0.0117733 0.04 0.12 0.18 -0.016 0.08 0.054 0.572061 -0.415629 0.415627 0.572061
0.169663 0.04 0.12 0.18 -0.016 -0.08 0.054 -0.415627 -0.572061 -0.572061 0.415629
0.169663 0.04 0.12 0.18 -0.016 -0.08 0.054 0.415629 0.572061 -0.572061 0.415627
0.169663 0.04 0.12 0.18 -0.016 -0.08 0.054 0.572061 -0.415627 0.415629 0.572061
0.169663 0.04 0.12 0.18 -0.016 -0.08 0.054 -0.572061 0.415629 0.415627 0.572061
0.0702942 0.04 0.12 0.18 -0.012 -0.08 0.054 -0.415627 -0.572061 -0.572061 0.415629
0.0702942 0.04 0.12 0.18 -0.012 -0.08 0.054 0.415629 0.572061 -0.572061 0.415627
0.0702942 0.04 0.12 0.18 -0.012 -0.08 0.054 0.572061 -0.415627 0.415629 0.572061
0.0702942 0.04 0.12 0.18 -0.012 -0.08 0.054 -0.572061 0.415629 0.415627 0.572061
0.0445332 0.04 0.12 0.18 -0.008 -0.08 0.018 -0.415627 -0.572061 -0.572061 0.415629
0.0445332 0.04 0.12 0.18 -0.008 -0.08 0.018 0.415629 0.572061 -0.572061 0.415627
0.0445332 0.04 0.12 0.18 -0.008 -0.08 0.018 0.572061 -0.415627 0.415629 0.572061
0.0445332 0.04 0.12 0.18 -0.008 -0.08 0.018 -0.572061 0.415629 0.415627 0.572061
0.0177348 0.04 0.12 0.18 -0.008 0.08 0.036 0.415627 0.572061 -0.572061 0.415629
0.0177348 0.04 0.12 0.18 -0.008 0.08 0.036 0.415629 0.572061 0.572061 -0.415627
0.0177348 0.04 0.12 0.18 -0.008 0.08 0.036 -0.572061 0.415627 0.415629 0.572061
0.0177348 0.04 0.12 0.18 -0.008 0.08 0.036 0.572061 -0.415629 0.415627 0.572061
0.0982863 0.04 0.12 0.18 -0.008 -0.08 0.036 -0.415627 -0.572061 -0.572061 0.415629
0.0982863 0.04 0.12 0.18 -0.008 -0.08 0.036 0.415629 0.572061 -0.572061 0.415627
0.0982863 0.04 0.12 0.18 -0.008 -0.08 0.036 0.572061 -0.415627 0.415629 0.572061
0.0982863 0.04 0.12 0.18 -0.008 -0.08 0.036 -0.572061 0.415629 0.415627 0.572061
0.0565817 0.04 0.12 0.18 -0.008 0.08 0.054 0.415627 0.572061 -0.572061 0.415629
0.0565817 0.04 0.12 0.18 -0.008 0.08 0.054 0.415629 0.572061 0.572061 -0.415627
0.0565817 0.04 0.12 0.18 -0.008 0.08 0.054 -0.572061 0.415627 0.415629 0.572061
0.0565817 0.04 0.12 0.18 -0.008 0.08 0.054 0.572061 -0.415629 0.415627 0.572061
0.0705635 0.04 0.12 0.18 -0.008 -0.08 0.054 -0.415627 -0.572061 -0.572061 0.415629
0.0705635 0.04 0.12 0.18 -0.008 -0.08 0.054 0.415629 0.572061 -0.572061 0.415627
0.0705635 0.04 0.12 0.18 -0.008 -0.08 0.054 0.572061 -0.415627 0.415629 0.572061
0.0705635 0.04 0.12 0.18 -0.008 -0.08 0.054 -0.572061 0.415629 0.415627 0.572061
0.0337511 0.04 0.12 0.18 0.008 0.08 0.018 0.572061 -0.415627 0.415627 0.572062
0.0337511 0.04 0.12 0.18 0.008 0.08 0.018 -0.572062 0.415627 0.415627 0.572061
0.0337511 0.04 0.12 0.18 0.008 0.08 0.018 0.415627 0.572061 0.572062 -0.415627
0.0337511 0.04 0.12 0.18 0.008 0.08 0.018 0.415627 0.572062 -0.572061 0.415627
0.00415785 0.04 0.12 0.18 0.008 0.08 0.054 0.572061 -0.415627 0.415627 0.572062
0.00415785 0.04 0.12 0.18 0.008 0.08 0.054 -0.572062 0.415627 0.415627 0.572061
0.00415785 0.04 0.12 0.18 0.008 0.08 0.054 0.415627 0.572061 0.572062 -0.415627
0.00415785 0.04 0.12 0.18 0.008 0.08 0.054 0.415627 0.572062 -0.572061 0.415627
0.129861 0.04 0.12 0.18 0.012 0.08 0.018 0.572061 -0.415627 0.415627 0.572062
0.129861 0.04 0.12 0.18 0.012 0.08 0.018 -0.572062 0.415627 0.415627 0.572061
0.129861 0.04 0.12 0.18 0.012 0.08 0.018 0.415627 0.572061 0.572062 -0.415627
0.129861 0.04 0.12 0.18 0.012 0.08 0.018 0.415627 0.572062 -0.572061 0.415627
0.165237 0.04 0.12 0.18 0.012 0.08 0.036 0.572061 -0.415627 0.415627 0.572062
0.165237 0.04 0.12 0.18 0.012 0.08 0.036 -0.572062 0.415627 0.415627 0.572061
0.165237 0.04 0.12 0.18 0.012 0.08 0.036 0.415627 0.572061 0.572062 -0.415627
0.165237 0.04 0.12 0.18 0.012 0.08 0.036 0.415627 0.572062 -0.572061 0.415627
0.101753 0.04 0.12 0.18 0.012 0.08 0.054 0.572061 -0.415627 0.415627 0.572062
0.101753 0.04 0.12 0.18 0.012 0.08 0.054 -0.572062 0.415627 0.415627 0.572061
0.101753 0.04 0.12 0.18 0.012 0.08 0.054 0.415627 0.572061 0.572062 -0.415627
0.101753 0.04 0.12 0.18 0.012 0.08 0.054 0.415627 0.572062 -0.572061 0.415627
0.162932 0.04 0.12 0.18 0.016 0.08 0.036 0.572061 -0.415627 0.415627 0.572062
0.162932 0.04 0.12 0.18 0.016 0.08 0.036 -0.572062 0.415627 0.415627 0.572061
0.162932 0.04 0.12 0.18 0.016 0.08 0.036 0.415627 0.572061 0.572062 -0.415627
0.162932 0.04 0.12 0.18 0.016 0.08 0.036 0.415627 0.572062 -0.572061 0.415627
0.0905221 0.04 0.12 0.18 0.016 0.08 0.054 0.572061 -0.415627 0.415627 0.572062
0.0905221 0.04 0.12 0.18 0.016 0.08 0.054 -0.572062 0.415627 0.415627 0.572061
0.0905221 0.04 0.12 0.18 0.016 0.08 0.054 0.415627 0.572061 0.572062 -0.415627
0.0905221 0.04 0.12 0.18 0.016 0.08 0.054 0.415627 0.572062 -0.572061 0.415627
0.0872223 0.04 0.12 0.18 0.02 0.08 0.018 0.572061 -0.415627 0.415627 0.572062
0.0872223 0.04 0.12 0.18 0.02 0.08 0.018 -0.572062 0.415627 0.415627 0.572061
0.0872223 0.04 0.12 0.18 0.02 0.08 0.018 0.415627 0.572061 0.572062 -0.415627
0.0872223 0.04 0.12 0.18 0.02 0.08 0.018 0.415627 0.572062 -0.572061 0.415627
0.0320064 0.04 0.12 0.18 0.02 0.08 0.036 0.572061 -0.415627 0.415627 0.572062
0.0320064 0.04 0.12 0.18 0.02 0.08 0.036 -0.572062 0.415627 0.415627 0.572061
0.0320064 0.04 0.12 0.18 0.02 0.08 0.036 0.415627 0.572061 0.572062 -0.415627
0.0320064 0.04 0.12 0.18 0.02 0.08 0.036 0.415627 0.572062 -0.572061 0.415627
0.0943911 0.04 0.12 0.18 0.02 0.08 0.054 0.572061 -0.415627 0.415627 0.572062
0.0943911 0.04 0.12 0.18 0.02 0.08 0.054 -0.572062 0.415627 0.415627 0.572061
0.0943911 0.04 0.12 0.18 0.02 0.08 0.054 0.415627 0.572061 0.572062 -0.415627
0.0943911 0.04 0.12 0.18 0.02 0.08 0.054 0.415627 0.572062 -0.572061 0.415627
0.0814677 0.04 0.12 0.18 -0.016 -0.012 0.11 0.587785 0.809017 -4.9538e-17 3.59915e-17
0.0814677 0.04 0.12 0.18 -0.016 -0.012 0.11 -7.19829e-17 -9.9076e-17 -0.809017 0.587785
0.0814677 0.04 0.12 0.18 -0.016 -0.012 0.11 0.809017 -0.587785 -3.59915e-17 -4.9538e-17
0.0814677 0.04 0.12 0.18 -0.016 -0.012 0.11 1.35465e-17 -8.55295e-17 0.587785 0.809017
0.0624308 0.04 0.12 0.18 -0.012 -0.048 0.11 0.587785 0.809017 -4.9538e-17 3.59915e-17
0.0624308 0.04 0.12 0.18 -0.012 -0.048 0.11 -7.19829e-17 -9.9076e-17 -0.809017 0.587785
0.0624308 0.04 0.12 0.18 -0.012 -0.048 0.11 0.809017 -0.587785 -3.59915e-17 -4.9538e-17
0.0624308 0.04 0.12 0.18 -0.012 -0.048 0.11 1.35465e-17 -8.55295e-17 0.587785 0.809017
0.0871374 0.04 0.12 0.18 -0.012 0.012 0.11 0.587785 0.809017 -4.9538e-17 3.59915e-17
0.0871374 0.04 0.12 0.18 -0.012 0.012 0.11 -7.19829e-17 -9.9076e-17 -0.809017 0.587785
0.0871374 0.04 0.12 0.18 -0.012 0.012 0.11 0.809017 -0.587785 -3.59915e-17 -4.9538e-17
0.0871374 0.04 0.12 0.18 -0.012 0.012 0.11 1.35465e-17 -8.55295e-17 0.587785 0.809017
0.0457163 0.04 0.12 0.18 -0.008 -0.048 0.11 0.587785 0.809017 -4.9538e-17 3.59915e-17
0.0457163 0.04 0.12 0.18 -0.008 -0.048 0.11 -7.19829e-17 -9.9076e-17 -0.809017 0.587785
0.0457163 0.04 0.12 0.18 -0.008 -0.048 0.11 0.809017 -0.587785 -3.59915e-17 -4.9538e-17
0.0457163 0.04 0.12 0.18 -0.008 -0.048 0.11 1.35465e-17 -8.55295e-17 0.587785 0.809017
0.0436649 0.04 0.12 0.18 0.008 0.048 0.11 0.809017 -0.587785 -7.19829e-17 4.9538e-17
0.0436649 0.04 0.12 0.18 0.008 0.048 0.11 -9.9076e-17 -3.59914e-17 0.587785 0.809017
0.0436649 0.04 0.12 0.18 0.008 0.048 0.11 0.587785 0.809017 4.9538e-17 7.19829e-17
0.0436649 0.04 0.12 0.18 0.008 0.048 0.11 -2.24449e-17 1.35465e-17 -0.809017 0.587785
0.117344 0.04 0.12 0.18 0.012 -0.048 0.11 0.309017 0.951057 -5.82354e-17 1.89218e-17
0.117344 0.04 0.12 0.18 0.012 -0.048 0.11 3.78436e-17 1.16471e-16 0.951057 -0.309017
0.117344 0.04 0.12 0.18 0.012 -0.048 0.11 0.951057 -0.309017 -1.89218e-17 -5.82354e-17
0.117344 0.04 0.12 0.18 0.012 -0.048 0.11 3.93136e-17 -7.71573e-17 0.309017 0.951057
0.011839 0.04 0.12 0.18 0.016 0.024 0.11 0.809017 -0.587785 -7.19829e-17 4.9538e-17
0.011839 0.04 0.12 0.18 0.016 0.024 0.11 -9.9076e-17 -3.59914e-17 0.587785 0.809017
0.011839 0.04 0.12 0.18 0.016 0.024 0.11 0.587785 0.809017 4.9538e-17 7.19829e-17
0.011839 0.04 0.12 0.18 0.016 0.024 0.11 -2.24449e-17 1.35465e-17 -0.809017 0.587785
0.0716781 0.04 0.12 0.18 0.016 0.036 0.11 0.809017 -0.587785 -7.19829e-17 4.9538e-17
0.0716781 0.04 0.12 0.18 0.016 0.036 0.11 -9.9076e-17 -3.59914e-17 0.587785 0.809017
0.0716781 0.04 0.12 0.18 0.016 0.036 0.11 0.587785 0.809017 4.9538e-17 7.19829e-17
0.0716781 0.04 0.12 0.18 0.016 0.036 0.11 -2.24449e-17 1.35465e-17 -0.809017 0.587785
0.149336 0.04 0.12 0.18 0.02 0.048 0.11 0.809017 -0.587785 -7.19829e-17 4.9538e-17
0.149336 0.04 0.12 0.18 0.02 0.048 0.11 -9.9076e-17 -3.59914e-17 0.587785 0.809017
0.149336 0.04 0.12 0.18 0.02 0.048 0.11 0.587785 0.809017 4.9538e-17 7.19829e-17
0.149336 0.04 0.12 0.18 0.02 0.048 0.11 -2.24449e-17 1.35465e-17 -0.809017 0.587785
