4 -2635003629.290057 0.04 0.1 0.2 0.02 3.46945e-18 0.12 -0.587785 0.809017 -4.9538e-17 -3.59915e-17
4 -2648712860.0824 0.04 0.1 0.2 -0.02 -5.91874e-18 0.12 0.809017 0.587785 3.59915e-17 -4.9538e-17
4 -2648870864.054492 0.04 0.1 0.2 0.02 -1.81652e-17 -0.12 -7.19829e-17 9.9076e-17 0.809017 0.587785
4 -2645979518.888656 0.04 0.1 0.2 -0.02 3.46945e-18 -0.12 8.55294e-17 -1.35465e-17 -0.587785 0.809017
4 -632975980.4075259 0.04 0.1 0.2 0.016 -0.07000000000000001 6.93889e-18 -0.572061 0.415627 0.415627 0.572062
4 -625513823.1900003 0.04 0.1 0.2 -0.016 0.07000000000000001 6.93889e-18 -0.415627 -0.572061 0.572062 -0.415627
4 -633914006.1492355 0.04 0.1 0.2 0.016 0.07000000000000001 -1.55114e-17 0.572062 -0.415627 0.415627 0.572061
4 -656457486.1634536 0.04 0.1 0.2 -0.016 -0.07000000000000001 -8.898319999999999e-18 0.415627 0.572062 0.572061 -0.415627
4 -1280406179.073925 0.04 0.1 0.2 0.016 0.07000000000000001 0.06 0.572061 -0.415627 0.415627 0.572062
4 -905588464.4424739 0.04 0.1 0.2 -0.016 -0.07000000000000001 0.06 0.415627 0.572061 0.572062 -0.415627
4 -1278969292.252429 0.04 0.1 0.2 0.016 -0.07000000000000001 -0.06 -0.572062 0.415627 0.415627 0.572061
4 -1258594717.507462 0.04 0.1 0.2 -0.016 0.07000000000000001 -0.06 0.415627 0.572062 -0.572061 0.415627
4 -13682027.7848115 0.04 0.1 0.2 -0.02 -0.03 0.12 0.309017 0.951057 -5.82354e-17 1.89218e-17
4 -13249293.48544441 0.04 0.1 0.2 0.02 0.03 0.12 0.951057 -0.309017 -1.89218e-17 -5.82354e-17
4 -13409945.96519853 0.04 0.1 0.2 -0.02 0.03 -0.12 3.78436e-17 1.16471e-16 0.951057 -0.309017
4 -13674555.4880327 0.04 0.1 0.2 0.02 -0.03 -0.12 3.93136e-17 -7.71573e-17 0.309017 0.951057
4 13635626.62789575 0.04 0.1 0.2 0.02 0.03 0.12 0.951057 -0.309017 -3.78436e-17 5.82354e-17
4 13203959.31452385 0.04 0.1 0.2 -0.02 -0.03 0.12 0.309017 0.951057 5.82354e-17 3.78436e-17
4 13212926.90890555 0.04 0.1 0.2 0.02 -0.03 -0.12 -1.16471e-16 -1.89218e-17 0.309017 0.951057
4 13474558.51827149 0.04 0.1 0.2 -0.02 0.03 -0.12 -2.03919e-17 -3.93136e-17 0.951057 -0.309017
4 -421975362.9456903 0.04 0.1 0.2 -0.008 -0.02 0.12 0.587785 0.809017 -4.9538e-17 3.59915e-17
4 -422667745.1699492 0.04 0.1 0.2 0.008 0.02 0.12 0.809017 -0.587785 -3.59915e-17 -4.9538e-17
4 -422136454.8342594 0.04 0.1 0.2 -0.008 0.02 -0.12 -7.19829e-17 -9.9076e-17 -0.809017 0.587785
4 -422031274.0678414 0.04 0.1 0.2 0.008 -0.02 -0.12 1.35465e-17 -8.55295e-17 0.587785 0.809017
4 -376120200.194147 0.04 0.1 0.2 -0.008 -0.01 0.12 0.587785 0.809017 -4.9538e-17 3.59915e-17
4 -378500999.0751276 0.04 0.1 0.2 0.008 0.01 0.12 0.809017 -0.587785 -3.59915e-17 -4.9538e-17
4 -375697895.2426303 0.04 0.1 0.2 -0.008 0.01 -0.12 -7.19829e-17 -9.9076e-17 -0.809017 0.587785
4 -376177235.1515109 0.04 0.1 0.2 0.008 -0.01 -0.12 1.35465e-17 -8.55295e-17 0.587785 0.809017
4 -269732527.2993478 0.04 0.1 0.2 0.008 -0.05 0.12 0.309017 0.951057 -5.82354e-17 1.89218e-17
4 -270373245.1432534 0.04 0.1 0.2 -0.008 0.05 0.12 0.951057 -0.309017 -1.89218e-17 -5.82354e-17
4 -269294557.5331377 0.04 0.1 0.2 0.008 0.05 -0.12 3.78436e-17 1.16471e-16 0.951057 -0.309017
4 -269960328.748754 0.04 0.1 0.2 -0.008 -0.05 -0.12 3.93136e-17 -7.71573e-17 0.309017 0.951057
4 -153320800.2921041 0.04 0.1 0.2 -0.004 -0.04 0.12 0.587785 0.809017 -4.9538e-17 3.59915e-17
4 -150517751.8336525 0.04 0.1 0.2 0.004 0.04 0.12 0.809017 -0.587785 -3.59915e-17 -4.9538e-17
4 -152593153.7736064 0.04 0.1 0.2 -0.004 0.04 -0.12 -7.19829e-17 -9.9076e-17 -0.809017 0.587785
4 -153613593.9029588 0.04 0.1 0.2 0.004 -0.04 -0.12 1.35465e-17 -8.55295e-17 0.587785 0.809017
4 -403686886.7644424 0.04 0.1 0.2 -0.012 3.46945e-18 0.12 0.587785 0.809017 -4.9538e-17 3.59915e-17
4 -407094516.1557285 0.04 0.1 0.2 0.012 -1.99987e-18 0.12 0.809017 -0.587785 -3.59915e-17 -4.9538e-17
4 -406107622.6951066 0.04 0.1 0.2 -0.012 -1.81652e-17 -0.12 -7.19829e-17 -9.9076e-17 -0.809017 0.587785
4 -403754029.4758756 0.04 0.1 0.2 0.012 3.46945e-18 -0.12 1.35465e-17 -8.55295e-17 0.587785 0.809017
4 -298144603.8714318 0.04 0.1 0.2 0.008 3.46945e-18 0.12 0.809017 -0.587785 -7.19829e-17 4.9538e-17
4 -295651298.4371198 0.04 0.1 0.2 -0.008 -4.44917e-18 0.12 0.587785 0.809017 4.9538e-17 7.19829e-17
4 -295657019.3295483 0.04 0.1 0.2 0.008 -1.81652e-17 -0.12 -9.9076e-17 -3.59914e-17 0.587785 0.809017
4 -294211512.0621338 0.04 0.1 0.2 -0.008 3.46945e-18 -0.12 -2.24449e-17 1.35465e-17 -0.809017 0.587785
4 -345038624.8170306 0.04 0.1 0.2 0.008 0.01 0.12 0.809017 -0.587785 -7.19829e-17 4.9538e-17
4 -342657736.0575202 0.04 0.1 0.2 -0.008 -0.01 0.12 0.587785 0.809017 4.9538e-17 7.19829e-17
4 -342712670.3845017 0.04 0.1 0.2 0.008 -0.01 -0.12 -9.9076e-17 -3.59914e-17 0.587785 0.809017
4 -342237628.2412471 0.04 0.1 0.2 -0.008 0.01 -0.12 -2.24449e-17 1.35465e-17 -0.809017 0.587785
4 16162522.34372036 0.04 0.1 0.2 -0.04 -0.05 -0.04 -0.218508 0.672498 -0.218508 0.672499
4 172375.4783500059 0.04 0.1 0.2 0.04 0.05 -0.04 -0.672498 -0.218508 0.672499 0.218508
4 24059441.90879579 0.04 0.1 0.2 -0.04 0.05 0.04 0.672499 0.218508 0.672498 0.218508
4 10825237.95938035 0.04 0.1 0.2 0.04 -0.05 0.04 0.218508 -0.672499 -0.218508 0.672498
4 8929865.799288677 0.04 0.1 0.2 0.04 -0.05 -0.02 0 -0.707107 0 0.707106
4 21955676.44776681 0.04 0.1 0.2 -0.04 0.05 -0.02 0.707107 4.32978e-17 0.707106 -4.32977e-17
4 996465.509849033 0.04 0.1 0.2 0.04 0.05 0.02 -0.707106 4.32978e-17 0.707107 -4.32977e-17
4 16531448.52343353 0.04 0.1 0.2 -0.04 -0.05 0.02 0 0.707106 0 0.707107
4 13092733.13621269 0.04 0.1 0.2 -0.04 -0.05 -0.02 -0.218508 0.672498 -0.218508 0.672499
4 -1078151.010020344 0.04 0.1 0.2 0.04 0.05 -0.02 -0.672498 -0.218508 0.672499 0.218508
4 17521906.79088963 0.04 0.1 0.2 -0.04 0.05 0.02 0.672499 0.218508 0.672498 0.218508
4 9914473.314256096 0.04 0.1 0.2 0.04 -0.05 0.02 0.218508 -0.672499 -0.218508 0.672498
4 8792594.269397153 0.04 0.1 0.2 0.04 -0.05 6.93889e-18 0 -0.707107 0 0.707106
4 16793131.54859738 0.04 0.1 0.2 -0.04 0.05 6.93889e-18 0.707107 4.32978e-17 0.707106 -4.32977e-17
4 -2904443.313605806 0.04 0.1 0.2 0.04 0.05 -1.30621e-17 -0.707106 4.32978e-17 0.707107 -4.32977e-17
4 13401502.80804815 0.04 0.1 0.2 -0.04 -0.05 -1.18375e-17 0 0.707106 0 0.707107
4 1992289.766385329 0.04 0.1 0.2 -0.04 -0.05 6.93889e-18 -0.218508 0.672498 -0.218508 0.672499
4 1975733.330300944 0.04 0.1 0.2 0.04 0.05 6.93889e-18 -0.672498 -0.218508 0.672499 0.218508
4 3584792.795057358 0.04 0.1 0.2 -0.04 0.05 -1.30621e-17 0.672499 0.218508 0.672498 0.218508
4 1489832.668061592 0.04 0.1 0.2 0.04 -0.05 -2.0403e-18 0.218508 -0.672499 -0.218508 0.672498
4 -20590242.61463238 0.04 0.1 0.2 -0.04 -0.05 6.93889e-18 0 0.707107 0 0.707106
4 -172863.5217491978 0.04 0.1 0.2 0.04 0.05 6.93889e-18 0.707107 4.32978e-17 -0.707106 4.32977e-17
4 -26441151.17974142 0.04 0.1 0.2 -0.04 0.05 -1.30621e-17 0.707106 4.32978e-17 0.707107 4.32977e-17
4 -11924083.88744763 0.04 0.1 0.2 0.04 -0.05 -2.0403e-18 0 -0.707106 0 0.707107
4 -6557370.034432447 0.04 0.1 0.2 0.04 -0.05 0.02 0.218508 -0.672498 -0.218508 0.672499
4 -19134960.81643837 0.04 0.1 0.2 -0.04 0.05 0.02 0.672498 0.218508 0.672499 0.218508
4 18467.98025274299 0.04 0.1 0.2 0.04 0.05 -0.02 0.672499 0.218508 -0.672498 -0.218508
4 -11274755.63256336 0.04 0.1 0.2 -0.04 -0.05 -0.02 -0.218508 0.672499 -0.218508 0.672498
4 8806707.660004511 0.04 0.1 0.2 0.04 -0.05 0.02 0 -0.707107 0 0.707106
4 12929388.11303825 0.04 0.1 0.2 -0.04 0.05 0.02 0.707107 4.32978e-17 0.707106 -4.32977e-17
4 1620419.540122747 0.04 0.1 0.2 0.04 0.05 -0.02 -0.707106 4.32978e-17 0.707107 -4.32977e-17
4 11384286.41460988 0.04 0.1 0.2 -0.04 -0.05 -0.02 0 0.707106 0 0.707107
4 -6628139.313393498 0.04 0.1 0.2 -0.04 -0.05 0.02 -0.218508 0.672498 -0.218508 0.672499
4 -503985.7392082919 0.04 0.1 0.2 0.04 0.05 0.02 -0.672498 -0.218508 0.672499 0.218508
4 -6656616.824650243 0.04 0.1 0.2 -0.04 0.05 -0.02 0.672499 0.218508 0.672498 0.218508
4 -5602441.193032112 0.04 0.1 0.2 0.04 -0.05 -0.02 0.218508 -0.672499 -0.218508 0.672498
4 -17572285.00283298 0.04 0.1 0.2 -0.04 -0.05 0.02 0 0.707107 0 0.707106
4 693594.5538012205 0.04 0.1 0.2 0.04 0.05 0.02 0.707107 4.32978e-17 -0.707106 4.32977e-17
4 -21075920.97253585 0.04 0.1 0.2 -0.04 0.05 -0.02 0.707106 4.32978e-17 0.707107 4.32977e-17
4 -11853952.35054291 0.04 0.1 0.2 0.04 -0.05 -0.02 0 -0.707106 0 0.707107
4 -5314740.175286515 0.04 0.1 0.2 0.04 -0.05 0.04 0.218508 -0.672498 -0.218508 0.672499
4 -12496874.76845907 0.04 0.1 0.2 -0.04 0.05 0.04 0.672498 0.218508 0.672499 0.218508
4 -41948.34152290749 0.04 0.1 0.2 0.04 0.05 -0.04 0.672499 0.218508 -0.672498 -0.218508
4 -7891290.481729311 0.04 0.1 0.2 -0.04 -0.05 -0.04 -0.218508 0.672499 -0.218508 0.672498
4 1808267.579496774 0.04 0.1 0.2 0.04 -0.05 0.04 0 -0.707107 0 0.707106
4 2582949.913017984 0.04 0.1 0.2 -0.04 0.05 0.04 0.707107 4.32978e-17 0.707106 -4.32977e-17
4 2812711.35732809 0.04 0.1 0.2 0.04 0.05 -0.04 -0.707106 4.32978e-17 0.707107 -4.32977e-17
4 2489154.999603701 0.04 0.1 0.2 -0.04 -0.05 -0.04 0 0.707106 0 0.707107
4 -3183150.528944578 0.04 0.1 0.2 -0.04 -0.05 0.04 -0.218508 0.672498 -0.218508 0.672499
4 -2140586.360002693 0.04 0.1 0.2 0.04 0.05 0.04 -0.672498 -0.218508 0.672499 0.218508
4 -3498241.021448393 0.04 0.1 0.2 -0.04 0.05 -0.04 0.672499 0.218508 0.672498 0.218508
4 -2916710.354191866 0.04 0.1 0.2 0.04 -0.05 -0.04 0.218508 -0.672499 -0.218508 0.672498
4 -5789997.018242548 0.04 0.1 0.2 -0.04 -0.05 0.04 0 0.707107 0 0.707106
4 -1083731.610917362 0.04 0.1 0.2 0.04 0.05 0.04 0.707107 4.32978e-17 -0.707106 4.32977e-17
4 -6921251.261502057 0.04 0.1 0.2 -0.04 0.05 -0.04 0.707106 4.32978e-17 0.707107 4.32977e-17
4 -4288887.834645463 0.04 0.1 0.2 0.04 -0.05 -0.04 0 -0.707106 0 0.707107
4 -9606454.049167365 0.04 0.1 0.2 0.04 -0.05 0.06 0.218508 -0.672498 -0.218508 0.672499
4 -12650492.5778577 0.04 0.1 0.2 -0.04 0.05 0.06 0.672498 0.218508 0.672499 0.218508
4 30453.41856999713 0.04 0.1 0.2 0.04 0.05 -0.06 0.672499 0.218508 -0.672498 -0.218508
4 -11140607.95275323 0.04 0.1 0.2 -0.04 -0.05 -0.06 -0.218508 0.672499 -0.218508 0.672498
4 -8321394.522255042 0.04 0.1 0.2 0.04 -0.05 0.06 0 -0.707107 0 0.707106
4 -9839671.617380967 0.04 0.1 0.2 -0.04 0.05 0.06 0.707107 4.32978e-17 0.707106 -4.32977e-17
4 -3767843.321532704 0.04 0.1 0.2 0.04 0.05 -0.06 -0.707106 4.32978e-17 0.707107 -4.32977e-17
4 -9230813.209011527 0.04 0.1 0.2 -0.04 -0.05 -0.06 0 0.707106 0 0.707107
4 47.25008676676454 0.04 0.1 0.2 0.04 -0.05 0.06 -0.218508 -0.672498 0.218508 0.672499
4 1427.192991459023 0.04 0.1 0.2 -0.04 0.05 0.06 0.672498 -0.218508 0.672499 -0.218508
4 -346.3299489268989 0.04 0.1 0.2 0.04 0.05 -0.06 0.672499 -0.218508 -0.672498 0.218508
4 -1376.039470167847 0.04 0.1 0.2 -0.04 -0.05 -0.06 0.218508 0.672499 0.218508 0.672498
4 8166178.930718217 0.04 0.1 0.2 -0.04 -0.05 0.06 -0.218508 0.672498 -0.218508 0.672499
4 2254089.510491031 0.04 0.1 0.2 0.04 0.05 0.06 -0.672498 -0.218508 0.672499 0.218508
4 8350658.073334184 0.04 0.1 0.2 -0.04 0.05 -0.06 0.672499 0.218508 0.672498 0.218508
4 6543030.870068991 0.04 0.1 0.2 0.04 -0.05 -0.06 0.218508 -0.672499 -0.218508 0.672498
4 9214786.221409222 0.04 0.1 0.2 -0.04 -0.05 0.06 0 0.707107 0 0.707106
4 767362.9906516838 0.04 0.1 0.2 0.04 0.05 0.06 0.707107 4.32978e-17 -0.707106 4.32977e-17
4 9794136.49953144 0.04 0.1 0.2 -0.04 0.05 -0.06 0.707106 4.32978e-17 0.707107 4.32977e-17
4 7153722.350320661 0.04 0.1 0.2 0.04 -0.05 -0.06 0 -0.707106 0 0.707107
4 3442971.511259881 0.04 0.1 0.2 0.04 -0.05 0.08 0.218508 -0.672498 -0.218508 0.672499
4 3939537.583825358 0.04 0.1 0.2 -0.04 0.05 0.08 0.672498 0.218508 0.672499 0.218508
4 -7526.081035380883 0.04 0.1 0.2 0.04 0.05 -0.08 0.672499 0.218508 -0.672498 -0.218508
4 3672847.492205523 0.04 0.1 0.2 -0.04 -0.05 -0.08 -0.218508 0.672499 -0.218508 0.672498
4 3251366.256588848 0.04 0.1 0.2 0.04 -0.05 0.08 0 -0.707107 0 0.707106
4 3590996.622764661 0.04 0.1 0.2 -0.04 0.05 0.08 0.707107 4.32978e-17 0.707106 -4.32977e-17
4 1243646.45439777 0.04 0.1 0.2 0.04 0.05 -0.08 -0.707106 4.32978e-17 0.707107 -4.32977e-17
4 3365663.833132903 0.04 0.1 0.2 -0.04 -0.05 -0.08 0 0.707106 0 0.707107
4 1273.481089721985 0.04 0.1 0.2 0.04 -0.05 0.08 -0.218508 -0.672498 0.218508 0.672499
4 -347.2942796221476 0.04 0.1 0.2 -0.04 0.05 0.08 0.672498 -0.218508 0.672499 -0.218508
4 694.8248720694972 0.04 0.1 0.2 0.04 0.05 -0.08 0.672499 -0.218508 -0.672498 0.218508
4 2606.125527734193 0.04 0.1 0.2 -0.04 -0.05 -0.08 0.218508 0.672499 0.218508 0.672498
4 71.9687373769066 0.04 0.1 0.2 0.04 -0.05 0.08 -0.415627 -0.572061 0.415627 0.572062
4 -121.8335485295368 0.04 0.1 0.2 -0.04 0.05 0.08 0.572061 -0.415627 0.572062 -0.415627
4 -139.7619569617323 0.04 0.1 0.2 0.04 0.05 -0.08 0.572062 -0.415627 -0.572061 0.415627
4 79.56512643683907 0.04 0.1 0.2 -0.04 -0.05 -0.08 0.415627 0.572062 0.415627 0.572061
4 -2968559.100934496 0.04 0.1 0.2 -0.04 -0.05 0.08 -0.218508 0.672498 -0.218508 0.672499
4 -679137.5040834176 0.04 0.1 0.2 0.04 0.05 0.08 -0.672498 -0.218508 0.672499 0.218508
4 -3019257.593038222 0.04 0.1 0.2 -0.04 0.05 -0.08 0.672499 0.218508 0.672498 0.218508
4 -2217340.241052664 0.04 0.1 0.2 0.04 -0.05 -0.08 0.218508 -0.672499 -0.218508 0.672498
4 -3207361.29397481 0.04 0.1 0.2 -0.04 -0.05 0.08 0 0.707107 0 0.707106
4 -205048.0673148965 0.04 0.1 0.2 0.04 0.05 0.08 0.707107 4.32978e-17 -0.707106 4.32977e-17
4 -3361014.900975476 0.04 0.1 0.2 -0.04 0.05 -0.08 0.707106 4.32978e-17 0.707107 4.32977e-17
4 -2354507.33224321 0.04 0.1 0.2 0.04 -0.05 -0.08 0 -0.707106 0 0.707107
4 3946103.339115182 0.04 0.1 0.2 0.04 -0.04 0.04 0 -0.707107 0 0.707106
4 7789216.25461158 0.04 0.1 0.2 -0.04 0.04 0.04 0.707107 4.32978e-17 0.707106 -4.32977e-17
4 -183349.4552431627 0.04 0.1 0.2 0.04 0.04 -0.04 -0.707106 4.32978e-17 0.707107 -4.32977e-17
4 8905664.529136369 0.04 0.1 0.2 -0.04 -0.04 -0.04 0 0.707106 0 0.707107
4 4089675.017351362 0.04 0.1 0.2 0.04 -0.04 0.06 0 -0.707107 0 0.707106
4 7695883.288949236 0.04 0.1 0.2 -0.04 0.04 0.06 0.707107 4.32978e-17 0.707106 -4.32977e-17
4 277642.806503501 0.04 0.1 0.2 0.04 0.04 -0.06 -0.707106 4.32978e-17 0.707107 -4.32977e-17
4 8664935.844354667 0.04 0.1 0.2 -0.04 -0.04 -0.06 0 0.707106 0 0.707107
4 4038341.223007442 0.04 0.1 0.2 0.04 -0.04 0.08 0 -0.707107 0 0.707106
4 7542458.166736751 0.04 0.1 0.2 -0.04 0.04 0.08 0.707107 4.32978e-17 0.707106 -4.32977e-17
4 -95544.10670839126 0.04 0.1 0.2 0.04 0.04 -0.08 -0.707106 4.32978e-17 0.707107 -4.32977e-17
4 8590741.098992513 0.04 0.1 0.2 -0.04 -0.04 -0.08 0 0.707106 0 0.707107
4 -718.6864664975402 0.04 0.1 0.2 0.04 -0.04 0.08 -0.218508 -0.672498 0.218508 0.672499
4 -1089.801936910965 0.04 0.1 0.2 -0.04 0.04 0.08 0.672498 -0.218508 0.672499 -0.218508
4 -144.0512944595895 0.04 0.1 0.2 0.04 0.04 -0.08 0.672499 -0.218508 -0.672498 0.218508
4 -812.6475278080333 0.04 0.1 0.2 -0.04 -0.04 -0.08 0.218508 0.672499 0.218508 0.672498
4 -7832705.69068479 0.04 0.1 0.2 -0.04 0.04 0.04 0.707107 -4.32978e-17 0.707107 -4.32978e-17
4 -4047208.025052163 0.04 0.1 0.2 0.04 -0.04 0.04 1.40377e-23 -0.707107 8.65956e-17 0.707107
4 -8862984.933323318 0.04 0.1 0.2 -0.04 -0.04 -0.04 -1.62102e-23 0.707107 -1.62102e-23 0.707107
4 -28009.22084851066 0.04 0.1 0.2 0.04 0.04 -0.04 0.707107 -4.32978e-17 -0.707107 4.32978e-17
4 -7677854.758327399 0.04 0.1 0.2 -0.04 0.04 0.06 0.707107 -4.32978e-17 0.707107 -4.32978e-17
4 -3968877.481212753 0.04 0.1 0.2 0.04 -0.04 0.06 1.40377e-23 -0.707107 8.65956e-17 0.707107
4 -8795548.925413528 0.04 0.1 0.2 -0.04 -0.04 -0.06 -1.62102e-23 0.707107 -1.62102e-23 0.707107
4 51355.93473458324 0.04 0.1 0.2 0.04 0.04 -0.06 0.707107 -4.32978e-17 -0.707107 4.32978e-17
4 -7524685.849824835 0.04 0.1 0.2 -0.04 0.04 0.08 0.707107 -4.32978e-17 0.707107 -4.32978e-17
4 -4057948.416621027 0.04 0.1 0.2 0.04 -0.04 0.08 1.40377e-23 -0.707107 8.65956e-17 0.707107
4 -8498452.358053561 0.04 0.1 0.2 -0.04 -0.04 -0.08 -1.62102e-23 0.707107 -1.62102e-23 0.707107
4 -22682.9871665369 0.04 0.1 0.2 0.04 0.04 -0.08 0.707107 -4.32978e-17 -0.707107 4.32978e-17
4 -13.61635666148406 0.04 0.1 0.2 -0.04 0.04 0.08 -0.672498 0.218508 -0.672499 0.218508
4 -707.2390820519693 0.04 0.1 0.2 0.04 -0.04 0.08 -0.218508 -0.672498 0.218508 0.672499
4 -698.2233174004887 0.04 0.1 0.2 -0.04 -0.04 -0.08 0.218508 0.672499 0.218508 0.672498
4 -184.5732426853685 0.04 0.1 0.2 0.04 0.04 -0.08 0.672499 -0.218508 -0.672498 0.218508
4 -428937906.714552 0.04 0.1 0.2 -0.02 0.07000000000000001 -0.02 0.415627 0.572061 -0.572061 0.415629
4 -365610802.4170724 0.04 0.1 0.2 0.02 -0.07000000000000001 -0.02 -0.572061 0.415627 0.415629 0.572061
4 -329945594.9653001 0.04 0.1 0.2 -0.02 -0.07000000000000001 0.02 0.415629 0.572061 0.572061 -0.415627
4 -365827251.8303863 0.04 0.1 0.2 0.02 0.07000000000000001 0.02 0.572061 -0.415629 0.415627 0.572061
4 -244274840.7809066 0.04 0.1 0.2 -0.02 0.07000000000000001 6.93889e-18 0.415627 0.572061 -0.572061 0.415629
4 -213323350.153295 0.04 0.1 0.2 0.02 -0.07000000000000001 6.93889e-18 -0.572061 0.415627 0.415629 0.572061
4 -285680993.0746323 0.04 0.1 0.2 -0.02 -0.07000000000000001 1.63364e-18 0.415629 0.572061 0.572061 -0.415627
4 -213156550.1607324 0.04 0.1 0.2 0.02 0.07000000000000001 -4.4896e-18 0.572061 -0.415629 0.415627 0.572061
4 9501878.083210455 0.04 0.1 0.2 -0.02 -0.07000000000000001 0.06 -0.572061 -0.415627 -0.415627 0.572062
4 41626660.42593963 0.04 0.1 0.2 0.02 0.07000000000000001 0.06 0.415627 -0.572061 0.572062 0.415627
4 5190831.534197145 0.04 0.1 0.2 -0.02 0.07000000000000001 -0.06 0.572062 0.415627 -0.415627 0.572061
4 39920748.87521768 0.04 0.1 0.2 0.02 -0.07000000000000001 -0.06 -0.415627 0.572062 0.572061 0.415627
4 -105016862.3564802 0.04 0.1 0.2 -0.02 0.07000000000000001 0.08 0.218508 0.672499 -0.672499 0.218502
4 -68756799.15298395 0.04 0.1 0.2 0.02 -0.07000000000000001 0.08 -0.672499 0.218508 0.218502 0.672499
4 -24622149.69636913 0.04 0.1 0.2 -0.02 -0.07000000000000001 -0.08 0.218502 0.672499 0.672499 -0.218508
4 -68332790.7419619 0.04 0.1 0.2 0.02 0.07000000000000001 -0.08 0.672499 -0.218502 0.218508 0.672499
4 -163526279.6117462 0.04 0.1 0.2 -0.02 0.07000000000000001 0.08 0.415627 0.572061 -0.572061 0.415629
4 -59660055.69720177 0.04 0.1 0.2 0.02 -0.07000000000000001 0.08 -0.572061 0.415627 0.415629 0.572061
4 -71396802.61198443 0.04 0.1 0.2 -0.02 -0.07000000000000001 -0.08 0.415629 0.572061 0.572061 -0.415627
4 -59483097.43065567 0.04 0.1 0.2 0.02 0.07000000000000001 -0.08 0.572061 -0.415629 0.415627 0.572061
4 -259575127.0121802 0.04 0.1 0.2 -0.02 -0.07000000000000001 0.08 -0.415627 -0.572061 -0.572061 0.415629
4 -304365972.7559864 0.04 0.1 0.2 0.02 0.07000000000000001 0.08 0.572061 -0.415627 0.415629 0.572061
4 -316536597.7630053 0.04 0.1 0.2 -0.02 0.07000000000000001 -0.08 0.415629 0.572061 -0.572061 0.415627
4 -305831781.4785265 0.04 0.1 0.2 0.02 -0.07000000000000001 -0.08 -0.572061 0.415629 0.415627 0.572061
4 -7442066.674750534 0.04 0.1 0.2 -0.02 -0.07000000000000001 0.08 -0.572061 -0.415627 -0.415627 0.572062
4 22001701.49797248 0.04 0.1 0.2 0.02 0.07000000000000001 0.08 0.415627 -0.572061 0.572062 0.415627
4 -15634521.05791968 0.04 0.1 0.2 -0.02 0.07000000000000001 -0.08 0.572062 0.415627 -0.415627 0.572061
4 20407860.7249231 0.04 0.1 0.2 0.02 -0.07000000000000001 -0.08 -0.415627 0.572062 0.572061 0.415627
4 -1472562.585490525 0.04 0.1 0.2 -0.02 -0.07000000000000001 0.08 -0.672499 -0.218508 -0.218508 0.672498
4 73197.97860789833 0.04 0.1 0.2 0.02 0.07000000000000001 0.08 -0.218508 0.672499 -0.672498 -0.218508
4 -13280729.010968 0.04 0.1 0.2 -0.02 0.07000000000000001 -0.08 0.672498 0.218508 -0.218508 0.672499
4 -5961741.297662688 0.04 0.1 0.2 0.02 -0.07000000000000001 -0.08 -0.218508 0.672498 0.672499 0.218508
4 -14018639.57792317 0.04 0.1 0.2 -0.02 -0.07000000000000001 0.08 -0.707107 0 0 0.707106
4 -9740800.000473578 0.04 0.1 0.2 0.02 0.07000000000000001 0.08 -4.32978e-17 0.707107 -0.707106 4.32977e-17
4 -12329570.5313748 0.04 0.1 0.2 -0.02 0.07000000000000001 -0.08 0.707106 0 0 0.707107
4 -15312010.11097225 0.04 0.1 0.2 0.02 -0.07000000000000001 -0.08 -4.32978e-17 0.707106 0.707107 4.32977e-17
4 -393383274.6181356 0.04 0.1 0.2 -0.016 0.07000000000000001 -0.02 0.415627 0.572061 -0.572061 0.415629
4 -311840249.8869431 0.04 0.1 0.2 0.016 -0.07000000000000001 -0.02 -0.572061 0.415627 0.415629 0.572061
4 -276039341.5578395 0.04 0.1 0.2 -0.016 -0.07000000000000001 0.02 0.415629 0.572061 0.572061 -0.415627
4 -312345503.2254807 0.04 0.1 0.2 0.016 0.07000000000000001 0.02 0.572061 -0.415629 0.415627 0.572061
4 -251509794.6571788 0.04 0.1 0.2 -0.016 0.07000000000000001 6.93889e-18 0.415627 0.572061 -0.572061 0.415629
4 -224916050.9534786 0.04 0.1 0.2 0.016 -0.07000000000000001 6.93889e-18 -0.572061 0.415627 0.415629 0.572061
4 -284352714.0848107 0.04 0.1 0.2 -0.016 -0.07000000000000001 1.63364e-18 0.415629 0.572061 0.572061 -0.415627
4 -224977035.6166218 0.04 0.1 0.2 0.016 0.07000000000000001 -4.97946e-18 0.572061 -0.415629 0.415627 0.572061
4 -398207754.9759585 0.04 0.1 0.2 -0.016 -0.07000000000000001 6.93889e-18 -0.415627 -0.572061 -0.572061 0.415629
4 -573534121.7740343 0.04 0.1 0.2 0.016 0.07000000000000001 6.93889e-18 0.572061 -0.415627 0.415629 0.572061
4 -642276335.6509842 0.04 0.1 0.2 -0.016 0.07000000000000001 -1.55114e-17 0.415629 0.572061 -0.572061 0.415627
4 -574678532.1668069 0.04 0.1 0.2 0.016 -0.07000000000000001 -4.97946e-18 -0.572061 0.415629 0.415627 0.572061
4 -8341529.538450819 0.04 0.1 0.2 -0.016 -0.07000000000000001 0.06 -0.572061 -0.415627 -0.415627 0.572062
4 35153089.28074995 0.04 0.1 0.2 0.016 0.07000000000000001 0.06 0.415627 -0.572061 0.572062 0.415627
4 -12184016.51746489 0.04 0.1 0.2 -0.016 0.07000000000000001 -0.06 0.572062 0.415627 -0.415627 0.572061
4 34038451.68824102 0.04 0.1 0.2 0.016 -0.07000000000000001 -0.06 -0.415627 0.572062 0.572061 0.415627
4 -28401325.68719723 0.04 0.1 0.2 -0.016 0.07000000000000001 0.08 0.415627 0.572061 -0.572061 0.415629
4 -5114142.586633855 0.04 0.1 0.2 0.016 -0.07000000000000001 0.08 -0.572061 0.415627 0.415629 0.572061
4 -26726220.98493057 0.04 0.1 0.2 -0.016 -0.07000000000000001 -0.08 0.415629 0.572061 0.572061 -0.415627
4 -5262458.024480495 0.04 0.1 0.2 0.016 0.07000000000000001 -0.08 0.572061 -0.415629 0.415627 0.572061
4 42949381.687108 0.04 0.1 0.2 -0.016 -0.07000000000000001 0.08 -0.415627 -0.572061 -0.572061 0.415629
4 57815079.66298447 0.04 0.1 0.2 0.016 0.07000000000000001 0.08 0.572061 -0.415627 0.415629 0.572061
4 24156096.53417411 0.04 0.1 0.2 -0.016 0.07000000000000001 -0.08 0.415629 0.572061 -0.572061 0.415627
4 56574593.65214413 0.04 0.1 0.2 0.016 -0.07000000000000001 -0.08 -0.572061 0.415629 0.415627 0.572061
4 6293341.018458973 0.04 0.1 0.2 -0.016 -0.07000000000000001 0.08 -0.572061 -0.415627 -0.415627 0.572062
4 52859791.85035168 0.04 0.1 0.2 0.016 0.07000000000000001 0.08 0.415627 -0.572061 0.572062 0.415627
4 6414854.912573228 0.04 0.1 0.2 -0.016 0.07000000000000001 -0.08 0.572062 0.415627 -0.415627 0.572061
4 52173265.23952058 0.04 0.1 0.2 0.016 -0.07000000000000001 -0.08 -0.415627 0.572062 0.572061 0.415627
4 -2482191.445297475 0.04 0.1 0.2 -0.016 -0.07000000000000001 0.08 -0.672499 -0.218508 -0.218508 0.672498
4 -163670.4705944877 0.04 0.1 0.2 0.016 0.07000000000000001 0.08 -0.218508 0.672499 -0.672498 -0.218508
4 -14348268.59809816 0.04 0.1 0.2 -0.016 0.07000000000000001 -0.08 0.672498 0.218508 -0.218508 0.672499
4 -7181843.044006394 0.04 0.1 0.2 0.016 -0.07000000000000001 -0.08 -0.218508 0.672498 0.672499 0.218508
4 -384890981.2827991 0.04 0.1 0.2 -0.012 0.07000000000000001 -0.02 0.415627 0.572061 -0.572061 0.415629
4 -334046248.5617979 0.04 0.1 0.2 0.012 -0.07000000000000001 -0.02 -0.572061 0.415627 0.415629 0.572061
4 -322623247.9041005 0.04 0.1 0.2 -0.012 -0.07000000000000001 0.02 0.415629 0.572061 0.572061 -0.415627
4 -334152566.6635357 0.04 0.1 0.2 0.012 0.07000000000000001 0.02 0.572061 -0.415629 0.415627 0.572061
4 -10908762.60177844 0.04 0.1 0.2 -0.012 -0.07000000000000001 0.06 -0.572061 -0.415627 -0.415627 0.572062
4 22832947.35048367 0.04 0.1 0.2 0.012 0.07000000000000001 0.06 0.415627 -0.572061 0.572062 0.415627
4 -18495397.58938374 0.04 0.1 0.2 -0.012 0.07000000000000001 -0.06 0.572062 0.415627 -0.415627 0.572061
4 21208057.04732252 0.04 0.1 0.2 0.012 -0.07000000000000001 -0.06 -0.415627 0.572062 0.572061 0.415627
4 77686980.50402032 0.04 0.1 0.2 -0.012 0.07000000000000001 0.08 0.415627 0.572061 -0.572061 0.415629
4 33479429.44315408 0.04 0.1 0.2 0.012 -0.07000000000000001 0.08 -0.572061 0.415627 0.415629 0.572061
4 9505611.814567989 0.04 0.1 0.2 -0.012 -0.07000000000000001 -0.08 0.415629 0.572061 0.572061 -0.415627
4 33756314.16154001 0.04 0.1 0.2 0.012 0.07000000000000001 -0.08 0.572061 -0.415629 0.415627 0.572061
4 130771384.867939 0.04 0.1 0.2 -0.012 -0.07000000000000001 0.08 -0.415627 -0.572061 -0.572061 0.415629
4 134566297.3932517 0.04 0.1 0.2 0.012 0.07000000000000001 0.08 0.572061 -0.415627 0.415629 0.572061
4 110819577.6914017 0.04 0.1 0.2 -0.012 0.07000000000000001 -0.08 0.415629 0.572061 -0.572061 0.415627
4 132979366.0779662 0.04 0.1 0.2 0.012 -0.07000000000000001 -0.08 -0.572061 0.415629 0.415627 0.572061
4 5798402.149875655 0.04 0.1 0.2 -0.012 -0.07000000000000001 0.08 -0.572061 -0.415627 -0.415627 0.572062
4 38849622.00037679 0.04 0.1 0.2 0.012 0.07000000000000001 0.08 0.415627 -0.572061 0.572062 0.415627
4 1222930.462257242 0.04 0.1 0.2 -0.012 0.07000000000000001 -0.08 0.572062 0.415627 -0.415627 0.572061
4 37442729.15197453 0.04 0.1 0.2 0.012 -0.07000000000000001 -0.08 -0.415627 0.572062 0.572061 0.415627
4 -1479031.918383145 0.04 0.1 0.2 -0.012 -0.07000000000000001 0.08 -0.672499 -0.218508 -0.218508 0.672498
4 89443.48039971539 0.04 0.1 0.2 0.012 0.07000000000000001 0.08 -0.218508 0.672499 -0.672498 -0.218508
4 -13384452.44311645 0.04 0.1 0.2 -0.012 0.07000000000000001 -0.08 0.672498 0.218508 -0.218508 0.672499
4 -6122921.124675373 0.04 0.1 0.2 0.012 -0.07000000000000001 -0.08 -0.218508 0.672498 0.672499 0.218508
4 -375196069.8107474 0.04 0.1 0.2 -0.008 0.07000000000000001 -0.02 0.415627 0.572061 -0.572061 0.415629
4 -368253052.1838518 0.04 0.1 0.2 0.008 -0.07000000000000001 -0.02 -0.572061 0.415627 0.415629 0.572061
4 -411711767.639747 0.04 0.1 0.2 -0.008 -0.07000000000000001 0.02 0.415629 0.572061 0.572061 -0.415627
4 -368642099.4218736 0.04 0.1 0.2 0.008 0.07000000000000001 0.02 0.572061 -0.415629 0.415627 0.572061
4 -203183470.7322362 0.04 0.1 0.2 -0.008 0.07000000000000001 6.93889e-18 0.415627 0.572061 -0.572061 0.415629
4 -285065070.7539543 0.04 0.1 0.2 0.008 -0.07000000000000001 6.93889e-18 -0.572061 0.415627 0.415629 0.572061
4 -381269848.9459075 0.04 0.1 0.2 -0.008 -0.07000000000000001 1.63364e-18 0.415629 0.572061 0.572061 -0.415627
4 -285013920.1788722 0.04 0.1 0.2 0.008 0.07000000000000001 -5.95917e-18 0.572061 -0.415629 0.415627 0.572061
4 10372595.78600329 0.04 0.1 0.2 -0.008 -0.07000000000000001 0.06 -0.572061 -0.415627 -0.415627 0.572062
4 45719364.83052894 0.04 0.1 0.2 0.008 0.07000000000000001 0.06 0.415627 -0.572061 0.572062 0.415627
4 7293871.844971733 0.04 0.1 0.2 -0.008 0.07000000000000001 -0.06 0.572062 0.415627 -0.415627 0.572061
4 44125758.34686656 0.04 0.1 0.2 0.008 -0.07000000000000001 -0.06 -0.415627 0.572062 0.572061 0.415627
4 181886285.5544809 0.04 0.1 0.2 -0.008 0.07000000000000001 0.08 0.415627 0.572061 -0.572061 0.415629
4 119167370.5811594 0.04 0.1 0.2 0.008 -0.07000000000000001 0.08 -0.572061 0.415627 0.415629 0.572061
4 93915739.4489163 0.04 0.1 0.2 -0.008 -0.07000000000000001 -0.08 0.415629 0.572061 0.572061 -0.415627
4 119187441.985444 0.04 0.1 0.2 0.008 0.07000000000000001 -0.08 0.572061 -0.415629 0.415627 0.572061
4 13838046.56326193 0.04 0.1 0.2 -0.008 -0.07000000000000001 0.08 -0.415627 -0.572061 -0.572061 0.415629
4 -13197201.75573605 0.04 0.1 0.2 0.008 0.07000000000000001 0.08 0.572061 -0.415627 0.415629 0.572061
4 -28743942.29342439 0.04 0.1 0.2 -0.008 0.07000000000000001 -0.08 0.415629 0.572061 -0.572061 0.415627
4 -14624741.81938004 0.04 0.1 0.2 0.008 -0.07000000000000001 -0.08 -0.572061 0.415629 0.415627 0.572061
4 -456813.9749653077 0.04 0.1 0.2 -0.008 -0.07000000000000001 0.08 -0.572061 -0.415627 -0.415627 0.572062
4 20456615.56759123 0.04 0.1 0.2 0.008 0.07000000000000001 0.08 0.415627 -0.572061 0.572062 0.415627
4 -10317484.24543724 0.04 0.1 0.2 -0.008 0.07000000000000001 -0.08 0.572062 0.415627 -0.415627 0.572061
4 18388235.24046648 0.04 0.1 0.2 0.008 -0.07000000000000001 -0.08 -0.415627 0.572062 0.572061 0.415627
4 -4069760.967738193 0.04 0.1 0.2 -0.004 -0.07000000000000001 0.08 -0.572061 -0.415627 -0.415627 0.572062
4 38123292.72250756 0.04 0.1 0.2 0.004 0.07000000000000001 0.08 0.415627 -0.572061 0.572062 0.415627
4 -7314767.851105115 0.04 0.1 0.2 -0.004 0.07000000000000001 -0.08 0.572062 0.415627 -0.415627 0.572061
4 37167880.18297057 0.04 0.1 0.2 0.004 -0.07000000000000001 -0.08 -0.415627 0.572062 0.572061 0.415627
4 -30722635.07983429 0.04 0.1 0.2 0.004 0.07000000000000001 0.08 0.415627 -0.572061 0.572061 0.415629
4 -4124156.75739106 0.04 0.1 0.2 -0.004 -0.07000000000000001 0.08 -0.572061 -0.415627 -0.415629 0.572061
4 -28955513.70302839 0.04 0.1 0.2 0.004 -0.07000000000000001 -0.08 -0.415629 0.572061 0.572061 0.415627
4 2953921.014576866 0.04 0.1 0.2 -0.004 0.07000000000000001 -0.08 0.572061 0.415629 -0.415627 0.572061
4 -411415402.0177675 0.04 0.1 0.2 0.008 -0.07000000000000001 -0.02 -0.572061 0.415627 0.415627 0.572062
4 -177450909.8450215 0.04 0.1 0.2 -0.008 0.07000000000000001 -0.02 -0.415627 -0.572061 0.572062 -0.415627
4 -412815858.9555204 0.04 0.1 0.2 0.008 0.07000000000000001 0.02 0.572062 -0.415627 0.415627 0.572061
4 -419850798.5148392 0.04 0.1 0.2 -0.008 -0.07000000000000001 0.02 0.415627 0.572062 0.572061 -0.415627
4 -26914264.76244818 0.04 0.1 0.2 0.008 0.07000000000000001 0.06 0.415627 -0.572061 0.572061 0.415629
4 10058560.19024863 0.04 0.1 0.2 -0.008 -0.07000000000000001 0.06 -0.572061 -0.415627 -0.415629 0.572061
4 -25438973.75482769 0.04 0.1 0.2 0.008 -0.07000000000000001 -0.06 -0.415629 0.572061 0.572061 0.415627
4 16420055.27849921 0.04 0.1 0.2 -0.008 0.07000000000000001 -0.06 0.572061 0.415629 -0.415627 0.572061
4 -107616486.1416986 0.04 0.1 0.2 0.008 -0.07000000000000001 0.06 -0.572061 0.415627 0.415627 0.572062
4 44078865.62484029 0.04 0.1 0.2 -0.008 0.07000000000000001 0.06 -0.415627 -0.572061 0.572062 -0.415627
4 -107911800.251758 0.04 0.1 0.2 0.008 0.07000000000000001 -0.06 0.572062 -0.415627 0.415627 0.572061
4 -92380125.93684641 0.04 0.1 0.2 -0.008 -0.07000000000000001 -0.06 0.415627 0.572062 0.572061 -0.415627
4 58162191.82114638 0.04 0.1 0.2 0.008 0.07000000000000001 0.08 0.572061 -0.415627 0.415627 0.572062
4 21521352.70783466 0.04 0.1 0.2 -0.008 -0.07000000000000001 0.08 0.415627 0.572061 0.572062 -0.415627
4 59706844.43604554 0.04 0.1 0.2 0.008 -0.07000000000000001 -0.08 -0.572062 0.415627 0.415627 0.572061
4 87287733.83823091 0.04 0.1 0.2 -0.008 0.07000000000000001 -0.08 0.415627 0.572062 -0.572061 0.415627
4 -48443978.90740278 0.04 0.1 0.2 0.008 0.07000000000000001 0.08 0.415627 -0.572061 0.572061 0.415629
4 -512154.7651076102 0.04 0.1 0.2 -0.008 -0.07000000000000001 0.08 -0.572061 -0.415627 -0.415629 0.572061
4 -47794662.52713779 0.04 0.1 0.2 0.008 -0.07000000000000001 -0.08 -0.415629 0.572061 0.572061 0.415627
4 -56634.55613334445 0.04 0.1 0.2 -0.008 0.07000000000000001 -0.08 0.572061 0.415629 -0.415627 0.572061
4 104682063.5597849 0.04 0.1 0.2 0.008 -0.07000000000000001 0.08 -0.572061 0.415627 0.415627 0.572062
4 66434066.12563211 0.04 0.1 0.2 -0.008 0.07000000000000001 0.08 -0.415627 -0.572061 0.572062 -0.415627
4 104619604.1057567 0.04 0.1 0.2 0.008 0.07000000000000001 -0.08 0.572062 -0.415627 0.415627 0.572061
4 117279575.7613975 0.04 0.1 0.2 -0.008 -0.07000000000000001 -0.08 0.415627 0.572062 0.572061 -0.415627
4 -377133508.2941174 0.04 0.1 0.2 0.012 -0.07000000000000001 -0.02 -0.572061 0.415627 0.415627 0.572062
4 69765489.37897736 0.04 0.1 0.2 -0.012 0.07000000000000001 -0.02 -0.415627 -0.572061 0.572062 -0.415627
4 -378307832.7338921 0.04 0.1 0.2 0.012 0.07000000000000001 0.02 0.572062 -0.415627 0.415627 0.572061
4 -330577083.8044502 0.04 0.1 0.2 -0.012 -0.07000000000000001 0.02 0.415627 0.572062 0.572061 -0.415627
4 -890043911.124088 0.04 0.1 0.2 0.012 0.07000000000000001 0.06 0.572061 -0.415627 0.415627 0.572062
4 -557023028.3440071 0.04 0.1 0.2 -0.012 -0.07000000000000001 0.06 0.415627 0.572061 0.572062 -0.415627
4 -888935136.0920595 0.04 0.1 0.2 0.012 -0.07000000000000001 -0.06 -0.572062 0.415627 0.415627 0.572061
4 -863778078.9121814 0.04 0.1 0.2 -0.012 0.07000000000000001 -0.06 0.415627 0.572062 -0.572061 0.415627
4 -49817524.36188956 0.04 0.1 0.2 0.012 0.07000000000000001 0.06 0.415627 -0.572061 0.572061 0.415629
4 -11222358.658 0.04 0.1 0.2 -0.012 -0.07000000000000001 0.06 -0.572061 -0.415627 -0.415629 0.572061
4 -48419752.28625171 0.04 0.1 0.2 0.012 -0.07000000000000001 -0.06 -0.415629 0.572061 0.572061 0.415627
4 -9385690.439524887 0.04 0.1 0.2 -0.012 0.07000000000000001 -0.06 0.572061 0.415629 -0.415627 0.572061
4 -237842477.1878353 0.04 0.1 0.2 0.012 -0.07000000000000001 0.06 -0.572061 0.415627 0.415627 0.572062
4 -66765417.79079462 0.04 0.1 0.2 -0.012 0.07000000000000001 0.06 -0.415627 -0.572061 0.572062 -0.415627
4 -237877175.8439455 0.04 0.1 0.2 0.012 0.07000000000000001 -0.06 0.572062 -0.415627 0.415627 0.572061
4 -217849449.2461216 0.04 0.1 0.2 -0.012 -0.07000000000000001 -0.06 0.415627 0.572062 0.572061 -0.415627
4 205955725.0921466 0.04 0.1 0.2 0.012 0.07000000000000001 0.08 0.572061 -0.415627 0.415627 0.572062
4 218845399.3980189 0.04 0.1 0.2 -0.012 -0.07000000000000001 0.08 0.415627 0.572061 0.572062 -0.415627
4 207303414.5681467 0.04 0.1 0.2 0.012 -0.07000000000000001 -0.08 -0.572062 0.415627 0.415627 0.572061
4 226952968.5803417 0.04 0.1 0.2 -0.012 0.07000000000000001 -0.08 0.415627 0.572062 -0.572061 0.415627
4 -30072911.27406704 0.04 0.1 0.2 0.012 0.07000000000000001 0.08 0.415627 -0.572061 0.572061 0.415629
4 5750962.587667376 0.04 0.1 0.2 -0.012 -0.07000000000000001 0.08 -0.572061 -0.415627 -0.415629 0.572061
4 -28809589.26247573 0.04 0.1 0.2 0.012 -0.07000000000000001 -0.08 -0.415629 0.572061 0.572061 0.415627
4 11473334.99229482 0.04 0.1 0.2 -0.012 0.07000000000000001 -0.08 0.572061 0.415629 -0.415627 0.572061
4 625362.706404819 0.04 0.1 0.2 0.012 0.07000000000000001 0.08 0.218508 -0.672499 0.672499 0.218502
4 2150179.079594721 0.04 0.1 0.2 -0.012 -0.07000000000000001 0.08 -0.672499 -0.218508 -0.218502 0.672499
4 6889906.759359797 0.04 0.1 0.2 0.012 -0.07000000000000001 -0.08 -0.218502 0.672499 0.672499 0.218508
4 14059391.69395871 0.04 0.1 0.2 -0.012 0.07000000000000001 -0.08 0.672499 0.218502 -0.218508 0.672499
4 19033754.61199391 0.04 0.1 0.2 0.012 -0.07000000000000001 0.08 -0.572061 0.415627 0.415627 0.572062
4 -61761180.05596877 0.04 0.1 0.2 -0.012 0.07000000000000001 0.08 -0.415627 -0.572061 0.572062 -0.415627
4 19220503.01584356 0.04 0.1 0.2 0.012 0.07000000000000001 -0.08 0.572062 -0.415627 0.415627 0.572061
4 33066709.22207312 0.04 0.1 0.2 -0.012 -0.07000000000000001 -0.08 0.415627 0.572062 0.572061 -0.415627
4 -354886409.4259303 0.04 0.1 0.2 0.016 -0.07000000000000001 -0.02 -0.572061 0.415627 0.415627 0.572062
4 124605666.3369116 0.04 0.1 0.2 -0.016 0.07000000000000001 -0.02 -0.415627 -0.572061 0.572062 -0.415627
4 -356383848.3298375 0.04 0.1 0.2 0.016 0.07000000000000001 0.02 0.572062 -0.415627 0.415627 0.572061
4 -283849690.1163657 0.04 0.1 0.2 -0.016 -0.07000000000000001 0.02 0.415627 0.572062 0.572061 -0.415627
4 -37530812.06330664 0.04 0.1 0.2 0.016 0.07000000000000001 0.06 0.415627 -0.572061 0.572061 0.415629
4 -8648779.155800546 0.04 0.1 0.2 -0.016 -0.07000000000000001 0.06 -0.572061 -0.415627 -0.415629 0.572061
4 -35634702.63442707 0.04 0.1 0.2 0.016 -0.07000000000000001 -0.06 -0.415629 0.572061 0.572061 0.415627
4 -3071759.224256716 0.04 0.1 0.2 -0.016 0.07000000000000001 -0.06 0.572061 0.415629 -0.415627 0.572061
4 -302224508.5967872 0.04 0.1 0.2 0.016 -0.07000000000000001 0.06 -0.572061 0.415627 0.415627 0.572062
4 -91671666.59750775 0.04 0.1 0.2 -0.016 0.07000000000000001 0.06 -0.415627 -0.572061 0.572062 -0.415627
4 -302653995.6765949 0.04 0.1 0.2 0.016 0.07000000000000001 -0.06 0.572062 -0.415627 0.415627 0.572061
4 -283398026.2525007 0.04 0.1 0.2 -0.016 -0.07000000000000001 -0.06 0.415627 0.572062 0.572061 -0.415627
4 129229768.9551231 0.04 0.1 0.2 0.016 0.07000000000000001 0.08 0.572061 -0.415627 0.415627 0.572062
4 147909224.6888187 0.04 0.1 0.2 -0.016 -0.07000000000000001 0.08 0.415627 0.572061 0.572062 -0.415627
4 130927160.9612236 0.04 0.1 0.2 0.016 -0.07000000000000001 -0.08 -0.572062 0.415627 0.415627 0.572061
4 140348485.5885943 0.04 0.1 0.2 -0.016 0.07000000000000001 -0.08 0.415627 0.572062 -0.572061 0.415627
4 -16099742.87937354 0.04 0.1 0.2 0.016 0.07000000000000001 0.08 0.415627 -0.572061 0.572061 0.415629
4 6244797.03736042 0.04 0.1 0.2 -0.016 -0.07000000000000001 0.08 -0.572061 -0.415627 -0.415629 0.572061
4 -14110189.25113837 0.04 0.1 0.2 0.016 -0.07000000000000001 -0.08 -0.415629 0.572061 0.572061 0.415627
4 16659291.4840995 0.04 0.1 0.2 -0.016 0.07000000000000001 -0.08 0.572061 0.415629 -0.415627 0.572061
4 -1257333.647804315 0.04 0.1 0.2 0.016 0.07000000000000001 0.08 0.218508 -0.672499 0.672499 0.218502
4 1140449.968283805 0.04 0.1 0.2 -0.016 -0.07000000000000001 0.08 -0.672499 -0.218508 -0.218502 0.672499
4 5665819.687711669 0.04 0.1 0.2 0.016 -0.07000000000000001 -0.08 -0.218502 0.672499 0.672499 0.218508
4 12993617.45107542 0.04 0.1 0.2 -0.016 0.07000000000000001 -0.08 0.672499 0.218502 -0.218508 0.672499
4 -19473178.05941053 0.04 0.1 0.2 0.016 -0.07000000000000001 0.08 -0.572061 0.415627 0.415627 0.572062
4 -44468169.81021827 0.04 0.1 0.2 -0.016 0.07000000000000001 0.08 -0.415627 -0.572061 0.572062 -0.415627
4 -19707855.7803342 0.04 0.1 0.2 0.016 0.07000000000000001 -0.08 0.572062 -0.415627 0.415627 0.572061
4 -3026250.390362223 0.04 0.1 0.2 -0.016 -0.07000000000000001 -0.08 0.415627 0.572062 0.572061 -0.415627
4 -408601735.8433175 0.04 0.1 0.2 0.02 -0.07000000000000001 -0.02 -0.572061 0.415627 0.415627 0.572062
4 -54123432.22729266 0.04 0.1 0.2 -0.02 0.07000000000000001 -0.02 -0.415627 -0.572061 0.572062 -0.415627
4 -409876586.055841 0.04 0.1 0.2 0.02 0.07000000000000001 0.02 0.572062 -0.415627 0.415627 0.572061
4 -337586853.6502889 0.04 0.1 0.2 -0.02 -0.07000000000000001 0.02 0.415627 0.572062 0.572061 -0.415627
4 -31068208.3956123 0.04 0.1 0.2 0.02 0.07000000000000001 0.06 0.415627 -0.572061 0.572061 0.415629
4 9193375.967275728 0.04 0.1 0.2 -0.02 -0.07000000000000001 0.06 -0.572061 -0.415627 -0.415629 0.572061
4 -29795708.12863399 0.04 0.1 0.2 0.02 -0.07000000000000001 -0.06 -0.415629 0.572061 0.572061 0.415627
4 14258317.82167396 0.04 0.1 0.2 -0.02 0.07000000000000001 -0.06 0.572061 0.415629 -0.415627 0.572061
4 -364300847.9466516 0.04 0.1 0.2 0.02 -0.07000000000000001 0.06 -0.572061 0.415627 0.415627 0.572062
4 -71827870.72271442 0.04 0.1 0.2 -0.02 0.07000000000000001 0.06 -0.415627 -0.572061 0.572062 -0.415627
4 -364491930.5527458 0.04 0.1 0.2 0.02 0.07000000000000001 -0.06 0.572062 -0.415627 0.415627 0.572061
4 -346213144.8370109 0.04 0.1 0.2 -0.02 -0.07000000000000001 -0.06 0.415627 0.572062 0.572061 -0.415627
4 9744524.488291234 0.04 0.1 0.2 0.02 0.07000000000000001 0.08 -8.65956e-17 0.707107 -0.707107 4.32978e-17
4 14018271.18107449 0.04 0.1 0.2 -0.02 -0.07000000000000001 0.08 -0.707107 -1.29893e-16 8.65956e-17 0.707107
4 15315624.84328914 0.04 0.1 0.2 0.02 -0.07000000000000001 -0.08 4.32978e-17 0.707107 0.707107 8.65956e-17
4 12331117.74540685 0.04 0.1 0.2 -0.02 0.07000000000000001 -0.08 0.707107 -8.65956e-17 -4.32978e-17 0.707107
4 -232966398.3449395 0.04 0.1 0.2 0.02 0.07000000000000001 0.08 0.572061 -0.415627 0.415627 0.572062
4 -247803713.9832812 0.04 0.1 0.2 -0.02 -0.07000000000000001 0.08 0.415627 0.572061 0.572062 -0.415627
4 -231516195.5962773 0.04 0.1 0.2 0.02 -0.07000000000000001 -0.08 -0.572062 0.415627 0.415627 0.572061
4 -200296604.0798427 0.04 0.1 0.2 -0.02 0.07000000000000001 -0.08 0.415627 0.572062 -0.572061 0.415627
4 -46955899.33433604 0.04 0.1 0.2 0.02 0.07000000000000001 0.08 0.415627 -0.572061 0.572061 0.415629
4 -7487763.897196293 0.04 0.1 0.2 -0.02 -0.07000000000000001 0.08 -0.572061 -0.415627 -0.415629 0.572061
