0.126341 0.085 0.085 0.101 -0.034 -0.0085 0.0705 0.587785 0.809017 -4.9538e-17 3.59915e-17
0.126341 0.085 0.085 0.101 0.034 0.0085 0.0705 0.809017 -0.587785 -3.59915e-17 -4.9538e-17
0.126341 0.085 0.085 0.101 -0.034 0.0085 -0.0705 -7.19829e-17 -9.9076e-17 -0.809017 0.587785
0.126341 0.085 0.085 0.101 0.034 -0.0085 -0.0705 1.35465e-17 -8.55295e-17 0.587785 0.809017
0.0502946 0.085 0.085 0.101 -0.034 0 0.0705 0.587785 0.809017 -4.9538e-17 3.59915e-17
0.0502946 0.085 0.085 0.101 0.034 4.1638e-18 0.0705 0.809017 -0.587785 -3.59915e-17 -4.9538e-17
0.0502946 0.085 0.085 0.101 -0.034 -8.63376e-18 -0.0705 -7.19829e-17 -9.9076e-17 -0.809017 0.587785
0.0502946 0.085 0.085 0.101 0.034 0 -0.0705 1.35465e-17 -8.55295e-17 0.587785 0.809017
0.120682 0.085 0.085 0.101 -0.034 0 0.0705 0.809017 0.587785 7.19829e-17 4.9538e-17
0.120682 0.085 0.085 0.101 0.034 4.1638e-18 0.0705 -0.587785 0.809017 4.9538e-17 -7.19829e-17
0.120682 0.085 0.085 0.101 -0.034 -8.63376e-18 -0.0705 -9.9076e-17 3.59914e-17 -0.587785 0.809017
0.120682 0.085 0.085 0.101 0.034 0 -0.0705 -1.21521e-16 -8.55294e-17 0.809017 0.587785
0.0439961 0.085 0.085 0.101 -0.0255 0.034 0.0705 0.951057 0.309017 3.78436e-17 5.82354e-17
0.0439961 0.085 0.085 0.101 0.0255 -0.034 0.0705 -0.309017 0.951057 5.82354e-17 -3.78436e-17
0.0439961 0.085 0.085 0.101 -0.0255 -0.034 -0.0705 -1.16471e-16 1.89218e-17 -0.309017 0.951057
0.0439961 0.085 0.085 0.101 0.0255 0.034 -0.0705 -9.60791e-17 -7.71572e-17 0.951057 0.309017
0.110972 0.085 0.085 0.101 -0.0085 -0.0425 0.0705 0.309017 0.951057 -5.82354e-17 1.89218e-17
0.110972 0.085 0.085 0.101 0.0085 0.0425 0.0705 0.951057 -0.309017 -1.89218e-17 -5.82354e-17
0.110972 0.085 0.085 0.101 -0.0085 0.0425 -0.0705 3.78436e-17 1.16471e-16 0.951057 -0.309017
0.110972 0.085 0.085 0.101 0.0085 -0.0425 -0.0705 3.93136e-17 -7.71573e-17 0.309017 0.951057
0.115935 0.085 0.085 0.101 -0.0085 -0.034 0.0705 0.309017 0.951057 -5.82354e-17 1.89218e-17
0.115935 0.085 0.085 0.101 0.0085 0.034 0.0705 0.951057 -0.309017 -1.89218e-17 -5.82354e-17
0.115935 0.085 0.085 0.101 -0.0085 0.034 -0.0705 3.78436e-17 1.16471e-16 0.951057 -0.309017
0.115935 0.085 0.085 0.101 0.0085 -0.034 -0.0705 3.93136e-17 -7.71573e-17 0.309017 0.951057
0.162541 0.085 0.085 0.101 0.0085 0.034 0.0705 0.951057 -0.309017 -3.78436e-17 5.82354e-17
0.162541 0.085 0.085 0.101 -0.0085 -0.034 0.0705 0.309017 0.951057 5.82354e-17 3.78436e-17
0.162541 0.085 0.085 0.101 0.0085 -0.034 -0.0705 -1.16471e-16 -1.89218e-17 0.309017 0.951057
0.162541 0.085 0.085 0.101 -0.0085 0.034 -0.0705 -2.03919e-17 -3.93136e-17 0.951057 -0.309017
0.135828 0.085 0.085 0.101 0.0085 0.0425 0.0705 0.951057 0.309017 3.78436e-17 5.82354e-17
0.135828 0.085 0.085 0.101 -0.0085 -0.0425 0.0705 -0.309017 0.951057 5.82354e-17 -3.78436e-17
0.135828 0.085 0.085 0.101 0.0085 -0.0425 -0.0705 -1.16471e-16 1.89218e-17 -0.309017 0.951057
0.135828 0.085 0.085 0.101 -0.0085 0.0425 -0.0705 -9.60791e-17 -7.71572e-17 0.951057 0.309017
0.0893173 0.085 0.085 0.101 0.017 0.034 0.0705 0.951057 -0.309017 -3.78436e-17 5.82354e-17
0.0893173 0.085 0.085 0.101 -0.017 -0.034 0.0705 0.309017 0.951057 5.82354e-17 3.78436e-17
0.0893173 0.085 0.085 0.101 0.017 -0.034 -0.0705 -1.16471e-16 -1.89218e-17 0.309017 0.951057
0.0893173 0.085 0.085 0.101 -0.017 0.034 -0.0705 -2.03919e-17 -3.93136e-17 0.951057 -0.309017
0.0529964 0.085 0.085 0.101 0.034 0 0.0705 0.809017 -0.587785 -7.19829e-17 4.9538e-17
0.0529964 0.085 0.085 0.101 -0.034 -4.1638e-18 0.0705 0.587785 0.809017 4.9538e-17 7.19829e-17
0.0529964 0.085 0.085 0.101 0.034 -8.63376e-18 -0.0705 -9.9076e-17 -3.59914e-17 0.587785 0.809017
0.0529964 0.085 0.085 0.101 -0.034 0 -0.0705 -2.24449e-17 1.35465e-17 -0.809017 0.587785
0.0579735 0.085 0.085 0.101 0.034 0 0.0705 -0.587785 0.809017 -4.9538e-17 -3.59915e-17
0.0579735 0.085 0.085 0.101 -0.034 -4.1638e-18 0.0705 0.809017 0.587785 3.59915e-17 -4.9538e-17
0.0579735 0.085 0.085 0.101 0.034 -8.63376e-18 -0.0705 -7.19829e-17 9.9076e-17 0.809017 0.587785
0.0579735 0.085 0.085 0.101 -0.034 0 -0.0705 8.55294e-17 -1.35465e-17 -0.587785 0.809017
0.142522 0.085 0.085 0.101 0.034 0.0085 0.0705 0.809017 -0.587785 -7.19829e-17 4.9538e-17
0.142522 0.085 0.085 0.101 -0.034 -0.0085 0.0705 0.587785 0.809017 4.9538e-17 7.19829e-17
0.142522 0.085 0.085 0.101 0.034 -0.0085 -0.0705 -9.9076e-17 -3.59914e-17 0.587785 0.809017
0.142522 0.085 0.085 0.101 -0.034 0.0085 -0.0705 -2.24449e-17 1.35465e-17 -0.809017 0.587785
0.103331 0.085 0.085 0.101 0.034 0.017 0.0705 0.809017 -0.587785 -7.19829e-17 4.9538e-17
0.103331 0.085 0.085 0.101 -0.034 -0.017 0.0705 0.587785 0.809017 4.9538e-17 7.19829e-17
0.103331 0.085 0.085 0.101 0.034 -0.017 -0.0705 -9.9076e-17 -3.59914e-17 0.587785 0.809017
0.103331 0.085 0.085 0.101 -0.034 0.017 -0.0705 -2.24449e-17 1.35465e-17 -0.809017 0.587785
0.105342 0.085 0.085 0.101 0.0425 0 0.0705 -0.587785 0.809017 -4.9538e-17 -3.59915e-17
0.105342 0.085 0.085 0.101 -0.0425 -5.20475e-18 0.0705 0.809017 0.587785 3.59915e-17 -4.9538e-17
0.105342 0.085 0.085 0.101 0.0425 -8.63376e-18 -0.0705 -7.19829e-17 9.9076e-17 0.809017 0.587785
0.105342 0.085 0.085 0.101 -0.0425 0 -0.0705 8.55294e-17 -1.35465e-17 -0.587785 0.809017
