40 -2442543623.208181 0.04 0.1 0.2 0.02 3.46945e-18 0.12 -0.587785 0.809017 -4.9538e-17 -3.59915e-17
40 -2442534343.951512 0.04 0.1 0.2 -0.02 -5.91874e-18 0.12 0.809017 0.587785 3.59915e-17 -4.9538e-17
40 -2442542282.263012 0.04 0.1 0.2 0.02 -1.81652e-17 -0.12 -7.19829e-17 9.9076e-17 0.809017 0.587785
40 -2442536039.172411 0.04 0.1 0.2 -0.02 3.46945e-18 -0.12 8.55294e-17 -1.35465e-17 -0.587785 0.809017
40 -470439729.0723069 0.04 0.1 0.2 0.016 -0.07000000000000001 6.93889e-18 -0.572061 0.415627 0.415627 0.572062
40 -305897565.6827632 0.04 0.1 0.2 -0.016 0.07000000000000001 6.93889e-18 -0.415627 -0.572061 0.572062 -0.415627
40 -470434494.7531502 0.04 0.1 0.2 0.016 0.07000000000000001 -1.55114e-17 0.572062 -0.415627 0.415627 0.572061
40 -437410197.5156174 0.04 0.1 0.2 -0.016 -0.07000000000000001 -8.898319999999999e-18 0.415627 0.572062 0.572061 -0.415627
40 -1101919838.85109 0.04 0.1 0.2 0.016 0.07000000000000001 0.06 0.572061 -0.415627 0.415627 0.572062
40 -596617688.6310037 0.04 0.1 0.2 -0.016 -0.07000000000000001 0.06 0.415627 0.572061 0.572062 -0.415627
40 -1101909412.388058 0.04 0.1 0.2 0.016 -0.07000000000000001 -0.06 -0.572062 0.415627 0.415627 0.572061
40 -1069668217.147977 0.04 0.1 0.2 -0.016 0.07000000000000001 -0.06 0.415627 0.572062 -0.572061 0.415627
40 -13451961.64693035 0.04 0.1 0.2 -0.02 -0.03 0.12 0.309017 0.951057 -5.82354e-17 1.89218e-17
40 -13452271.25659333 0.04 0.1 0.2 0.02 0.03 0.12 0.951057 -0.309017 -1.89218e-17 -5.82354e-17
40 -13452183.07408814 0.04 0.1 0.2 -0.02 0.03 -0.12 3.78436e-17 1.16471e-16 0.951057 -0.309017
40 -13452142.74432085 0.04 0.1 0.2 0.02 -0.03 -0.12 3.93136e-17 -7.71573e-17 0.309017 0.951057
40 13452112.7505168 0.04 0.1 0.2 0.02 0.03 0.12 0.951057 -0.309017 -3.78436e-17 5.82354e-17
40 13451783.51561898 0.04 0.1 0.2 -0.02 -0.03 0.12 0.309017 0.951057 5.82354e-17 3.78436e-17
40 13451964.60284764 0.04 0.1 0.2 0.02 -0.03 -0.12 -1.16471e-16 -1.89218e-17 0.309017 0.951057
40 13452026.47939502 0.04 0.1 0.2 -0.02 0.03 -0.12 -2.03919e-17 -3.93136e-17 0.951057 -0.309017
40 -453207383.0211412 0.04 0.1 0.2 -0.008 -0.02 0.12 0.587785 0.809017 -4.9538e-17 3.59915e-17
40 -453219106.4877479 0.04 0.1 0.2 0.008 0.02 0.12 0.809017 -0.587785 -3.59915e-17 -4.9538e-17
40 -453225570.3927109 0.04 0.1 0.2 -0.008 0.02 -0.12 -7.19829e-17 -9.9076e-17 -0.809017 0.587785
40 -453235497.9584148 0.04 0.1 0.2 0.008 -0.02 -0.12 1.35465e-17 -8.55295e-17 0.587785 0.809017
40 -331467956.116803 0.04 0.1 0.2 -0.008 -0.01 0.12 0.587785 0.809017 -4.9538e-17 3.59915e-17
40 -331476776.2505078 0.04 0.1 0.2 0.008 0.01 0.12 0.809017 -0.587785 -3.59915e-17 -4.9538e-17
40 -331467835.7461543 0.04 0.1 0.2 -0.008 0.01 -0.12 -7.19829e-17 -9.9076e-17 -0.809017 0.587785
40 -331480234.4464532 0.04 0.1 0.2 0.008 -0.01 -0.12 1.35465e-17 -8.55295e-17 0.587785 0.809017
40 -269841031.9705592 0.04 0.1 0.2 0.008 -0.05 0.12 0.309017 0.951057 -5.82354e-17 1.89218e-17
40 -269854057.6497487 0.04 0.1 0.2 -0.008 0.05 0.12 0.951057 -0.309017 -1.89218e-17 -5.82354e-17
40 -269892079.5899801 0.04 0.1 0.2 0.008 0.05 -0.12 3.78436e-17 1.16471e-16 0.951057 -0.309017
40 -269855651.9814853 0.04 0.1 0.2 -0.008 -0.05 -0.12 3.93136e-17 -7.71573e-17 0.309017 0.951057
40 -75905390.03556532 0.04 0.1 0.2 -0.004 -0.04 0.12 0.587785 0.809017 -4.9538e-17 3.59915e-17
40 -75947907.34431559 0.04 0.1 0.2 0.004 0.04 0.12 0.809017 -0.587785 -3.59915e-17 -4.9538e-17
40 -75889408.30032717 0.04 0.1 0.2 -0.004 0.04 -0.12 -7.19829e-17 -9.9076e-17 -0.809017 0.587785
40 -75889679.05552717 0.04 0.1 0.2 0.004 -0.04 -0.12 1.35465e-17 -8.55295e-17 0.587785 0.809017
40 -445430627.6103852 0.04 0.1 0.2 -0.012 3.46945e-18 0.12 0.587785 0.809017 -4.9538e-17 3.59915e-17
40 -445461374.6860521 0.04 0.1 0.2 0.012 -1.99987e-18 0.12 0.809017 -0.587785 -3.59915e-17 -4.9538e-17
40 -445438136.5137396 0.04 0.1 0.2 -0.012 -1.81652e-17 -0.12 -7.19829e-17 -9.9076e-17 -0.809017 0.587785
40 -445433233.3078925 0.04 0.1 0.2 0.012 3.46945e-18 -0.12 1.35465e-17 -8.55295e-17 0.587785 0.809017
40 -205698915.7290863 0.04 0.1 0.2 0.008 3.46945e-18 0.12 0.809017 -0.587785 -7.19829e-17 4.9538e-17
40 -205627160.5919037 0.04 0.1 0.2 -0.008 -4.44917e-18 0.12 0.587785 0.809017 4.9538e-17 7.19829e-17
40 -205619715.8974307 0.04 0.1 0.2 0.008 -1.81652e-17 -0.12 -9.9076e-17 -3.59914e-17 0.587785 0.809017
40 -205662465.953572 0.04 0.1 0.2 -0.008 3.46945e-18 -0.12 -2.24449e-17 1.35465e-17 -0.809017 0.587785
40 -298016606.1747201 0.04 0.1 0.2 0.008 0.01 0.12 0.809017 -0.587785 -7.19829e-17 4.9538e-17
40 -298005733.9290477 0.04 0.1 0.2 -0.008 -0.01 0.12 0.587785 0.809017 4.9538e-17 7.19829e-17
40 -298018014.7155625 0.04 0.1 0.2 0.008 -0.01 -0.12 -9.9076e-17 -3.59914e-17 0.587785 0.809017
40 -298006369.1064678 0.04 0.1 0.2 -0.008 0.01 -0.12 -2.24449e-17 1.35465e-17 -0.809017 0.587785
40 -1.224925755732506e-05 0.04 0.1 0.2 -0.04 -0.05 -0.04 -0.218508 0.672498 -0.218508 0.672499
40 2.037105582155044e-05 0.04 0.1 0.2 -0.04 0.05 -0.02 0.707107 4.32978e-17 0.707106 -4.32977e-17
40 5.783784180327101e-06 0.04 0.1 0.2 0.04 0.05 0.02 -0.707106 4.32978e-17 0.707107 -4.32977e-17
40 4.146467243917179e-06 0.04 0.1 0.2 -0.04 -0.05 0.02 0 0.707106 0 0.707107
40 2.819504871666434e-06 0.04 0.1 0.2 0.04 0.05 -0.02 -0.672498 -0.218508 0.672499 0.218508
40 8.022866214825453e-06 0.04 0.1 0.2 -0.04 0.05 0.02 0.672499 0.218508 0.672498 0.218508
40 2.076154886170717e-05 0.04 0.1 0.2 0.04 -0.05 6.93889e-18 0 -0.707107 0 0.707106
40 2.986904133409768e-05 0.04 0.1 0.2 -0.04 0.05 6.93889e-18 0.707107 4.32978e-17 0.707106 -4.32977e-17
40 -2.973624290406041e-05 0.04 0.1 0.2 0.04 0.05 -1.30621e-17 -0.707106 4.32978e-17 0.707107 -4.32977e-17
40 2.477377315674573e-05 0.04 0.1 0.2 -0.04 -0.05 -1.18375e-17 0 0.707106 0 0.707107
40 -1.803469411351677e-06 0.04 0.1 0.2 -0.04 -0.05 6.93889e-18 -0.218508 0.672498 -0.218508 0.672499
40 -2.761283412235083e-06 0.04 0.1 0.2 0.04 0.05 6.93889e-18 -0.672498 -0.218508 0.672499 0.218508
40 3.49014617527163e-06 0.04 0.1 0.2 -0.04 0.05 -1.30621e-17 0.672499 0.218508 0.672498 0.218508
40 -3.123688573215475e-05 0.04 0.1 0.2 0.04 0.05 6.93889e-18 0.707107 4.32978e-17 -0.707106 4.32977e-17
40 -1.82268887475856e-05 0.04 0.1 0.2 -0.04 0.05 -1.30621e-17 0.707106 4.32978e-17 0.707107 4.32977e-17
40 2.227742795794102e-06 0.04 0.1 0.2 0.04 -0.05 -2.0403e-18 0 -0.707106 0 0.707107
40 -2.687678933233767e-06 0.04 0.1 0.2 0.04 -0.05 0.02 0.218508 -0.672498 -0.218508 0.672499
40 -3.621379920319689e-06 0.04 0.1 0.2 -0.04 0.05 0.02 0.672498 0.218508 0.672499 0.218508
40 6.256952078689815e-06 0.04 0.1 0.2 0.04 0.05 -0.02 0.672499 0.218508 -0.672498 -0.218508
40 7.860053398322381e-06 0.04 0.1 0.2 -0.04 -0.05 -0.02 -0.218508 0.672499 -0.218508 0.672498
40 3.988730557810335e-05 0.04 0.1 0.2 0.04 -0.05 0.02 0 -0.707107 0 0.707106
40 3.497953518341243e-05 0.04 0.1 0.2 -0.04 0.05 0.02 0.707107 4.32978e-17 0.707106 -4.32977e-17
40 5.654802395124725e-05 0.04 0.1 0.2 0.04 0.05 -0.02 -0.707106 4.32978e-17 0.707107 -4.32977e-17
40 4.441474192899003e-05 0.04 0.1 0.2 -0.04 -0.05 -0.02 0 0.707106 0 0.707107
40 -4.060511031144659e-06 0.04 0.1 0.2 -0.04 -0.05 0.02 -0.218508 0.672498 -0.218508 0.672499
40 -1.04110037515634e-06 0.04 0.1 0.2 0.04 0.05 0.02 -0.672498 -0.218508 0.672499 0.218508
40 -4.543700891732755e-06 0.04 0.1 0.2 -0.04 0.05 -0.02 0.672499 0.218508 0.672498 0.218508
40 -3.099228585439276e-05 0.04 0.1 0.2 -0.04 -0.05 0.02 0 0.707107 0 0.707106
40 6.553675348993163e-05 0.04 0.1 0.2 0.04 0.05 0.02 0.707107 4.32978e-17 -0.707106 4.32977e-17
40 -3.290166543562859e-05 0.04 0.1 0.2 -0.04 0.05 -0.02 0.707106 4.32978e-17 0.707107 4.32977e-17
40 -2.292853901145545e-05 0.04 0.1 0.2 0.04 -0.05 -0.02 0 -0.707106 0 0.707107
40 1.895556463453463e-06 0.04 0.1 0.2 0.04 -0.05 0.04 0.218508 -0.672498 -0.218508 0.672499
40 -4.640666397468657e-06 0.04 0.1 0.2 -0.04 0.05 0.04 0.672498 0.218508 0.672499 0.218508
40 -9.45540779462295e-06 0.04 0.1 0.2 0.04 0.05 -0.04 0.672499 0.218508 -0.672498 -0.218508
40 8.231009664197431e-06 0.04 0.1 0.2 -0.04 -0.05 -0.04 -0.218508 0.672499 -0.218508 0.672498
40 -1.679170815855474e-06 0.04 0.1 0.2 0.04 -0.05 0.04 0 -0.707107 0 0.707106
40 -5.247313682118365e-06 0.04 0.1 0.2 -0.04 0.05 0.04 0.707107 4.32978e-17 0.707106 -4.32977e-17
40 2.018986344572149e-05 0.04 0.1 0.2 0.04 0.05 -0.04 -0.707106 4.32978e-17 0.707107 -4.32977e-17
40 -3.544634210060627e-06 0.04 0.1 0.2 -0.04 -0.05 -0.04 0 0.707106 0 0.707107
40 1.382832503421527e-06 0.04 0.1 0.2 -0.04 -0.05 0.04 -0.218508 0.672498 -0.218508 0.672499
40 1.283266269035827e-06 0.04 0.1 0.2 0.04 0.05 0.04 -0.672498 -0.218508 0.672499 0.218508
40 -1.106950680264396e-06 0.04 0.1 0.2 -0.04 0.05 -0.04 0.672499 0.218508 0.672498 0.218508
40 -1.075955990828201e-05 0.04 0.1 0.2 -0.04 -0.05 0.04 0 0.707107 0 0.707106
40 -4.535795038147078e-05 0.04 0.1 0.2 0.04 0.05 0.04 0.707107 4.32978e-17 -0.707106 4.32977e-17
40 -1.221640914357558e-05 0.04 0.1 0.2 -0.04 0.05 -0.04 0.707106 4.32978e-17 0.707107 4.32977e-17
40 -9.767389885020905e-06 0.04 0.1 0.2 0.04 -0.05 -0.04 0 -0.707106 0 0.707107
40 1.614375214571695e-06 0.04 0.1 0.2 0.04 -0.05 0.06 0.218508 -0.672498 -0.218508 0.672499
40 -2.071886377325027e-06 0.04 0.1 0.2 -0.04 0.05 0.06 0.672498 0.218508 0.672499 0.218508
40 2.775594098794465e-06 0.04 0.1 0.2 0.04 0.05 -0.06 0.672499 0.218508 -0.672498 -0.218508
40 -7.408098958554959e-05 0.04 0.1 0.2 0.04 -0.05 0.06 0 -0.707107 0 0.707106
40 -5.051102115005701e-05 0.04 0.1 0.2 -0.04 0.05 0.06 0.707107 4.32978e-17 0.707106 -4.32977e-17
40 -9.043078967700333e-05 0.04 0.1 0.2 0.04 0.05 -0.06 -0.707106 4.32978e-17 0.707107 -4.32977e-17
40 -8.1860396382364e-05 0.04 0.1 0.2 -0.04 -0.05 -0.06 0 0.707106 0 0.707107
40 3.54293974033984e-06 0.04 0.1 0.2 -0.04 -0.05 0.06 -0.218508 0.672498 -0.218508 0.672499
40 -1.146529971428334e-06 0.04 0.1 0.2 0.04 0.05 0.06 -0.672498 -0.218508 0.672499 0.218508
40 4.825704203778591e-06 0.04 0.1 0.2 -0.04 0.05 -0.06 0.672499 0.218508 0.672498 0.218508
40 2.077480689544053e-05 0.04 0.1 0.2 -0.04 -0.05 0.06 0 0.707107 0 0.707106
40 1.005084445225568e-05 0.04 0.1 0.2 0.04 0.05 0.06 0.707107 4.32978e-17 -0.707106 4.32977e-17
40 1.638160793437579e-05 0.04 0.1 0.2 -0.04 0.05 -0.06 0.707106 4.32978e-17 0.707107 4.32977e-17
40 1.530090806941067e-05 0.04 0.1 0.2 0.04 -0.05 -0.06 0 -0.707106 0 0.707107
40 1.713408927260518e-06 0.04 0.1 0.2 -0.04 0.05 0.08 0.672498 0.218508 0.672499 0.218508
40 3.753800414350514e-05 0.04 0.1 0.2 0.04 -0.05 0.08 0 -0.707107 0 0.707106
40 2.719604032563883e-05 0.04 0.1 0.2 -0.04 0.05 0.08 0.707107 4.32978e-17 0.707106 -4.32977e-17
40 3.968297543933269e-05 0.04 0.1 0.2 0.04 0.05 -0.08 -0.707106 4.32978e-17 0.707107 -4.32977e-17
40 4.011422569398862e-05 0.04 0.1 0.2 -0.04 -0.05 -0.08 0 0.707106 0 0.707107
40 -2.118929630357674e-06 0.04 0.1 0.2 -0.04 -0.05 0.08 -0.218508 0.672498 -0.218508 0.672499
40 -2.192491643297073e-06 0.04 0.1 0.2 -0.04 0.05 -0.08 0.672499 0.218508 0.672498 0.218508
40 -6.955034873728366e-06 0.04 0.1 0.2 -0.04 -0.05 0.08 0 0.707107 0 0.707106
40 -5.103787954735539e-06 0.04 0.1 0.2 -0.04 0.05 -0.08 0.707106 4.32978e-17 0.707107 4.32977e-17
40 -4.242414126338911e-06 0.04 0.1 0.2 0.04 -0.05 -0.08 0 -0.707106 0 0.707107
40 -4.307284939839007e-05 0.04 0.1 0.2 0.04 -0.04 0.04 0 -0.707107 0 0.707106
40 -2.488745864275346e-05 0.04 0.1 0.2 -0.04 0.04 0.04 0.707107 4.32978e-17 0.707106 -4.32977e-17
40 -7.76078893450563e-05 0.04 0.1 0.2 0.04 0.04 -0.04 -0.707106 4.32978e-17 0.707107 -4.32977e-17
40 -2.736089590922586e-05 0.04 0.1 0.2 -0.04 -0.04 -0.04 0 0.707106 0 0.707107
40 6.678188973750082e-05 0.04 0.1 0.2 0.04 -0.04 0.06 0 -0.707107 0 0.707106
40 3.883988287421009e-05 0.04 0.1 0.2 -0.04 0.04 0.06 0.707107 4.32978e-17 0.707106 -4.32977e-17
40 0.0001224237145936898 0.04 0.1 0.2 0.04 0.04 -0.06 -0.707106 4.32978e-17 0.707107 -4.32977e-17
40 7.619313011124687e-05 0.04 0.1 0.2 -0.04 -0.04 -0.06 0 0.707106 0 0.707107
40 -2.390939293339667e-05 0.04 0.1 0.2 0.04 -0.04 0.08 0 -0.707107 0 0.707106
40 -2.495763637302972e-05 0.04 0.1 0.2 -0.04 0.04 0.08 0.707107 4.32978e-17 0.707106 -4.32977e-17
40 -4.708273105554286e-05 0.04 0.1 0.2 0.04 0.04 -0.08 -0.707106 4.32978e-17 0.707107 -4.32977e-17
40 -2.191887821284544e-05 0.04 0.1 0.2 -0.04 -0.04 -0.08 0 0.707106 0 0.707107
40 -2.975719986627462e-05 0.04 0.1 0.2 -0.04 0.04 0.04 0.707107 -4.32978e-17 0.707107 -4.32978e-17
40 -3.978443956878519e-05 0.04 0.1 0.2 0.04 -0.04 0.04 1.40377e-23 -0.707107 8.65956e-17 0.707107
40 -5.45341580456063e-05 0.04 0.1 0.2 -0.04 -0.04 -0.04 -1.62102e-23 0.707107 -1.62102e-23 0.707107
40 -7.959108801650072e-06 0.04 0.1 0.2 0.04 0.04 -0.04 0.707107 -4.32978e-17 -0.707107 4.32978e-17
40 4.514461326002306e-05 0.04 0.1 0.2 -0.04 0.04 0.06 0.707107 -4.32978e-17 0.707107 -4.32978e-17
40 6.588606205100433e-05 0.04 0.1 0.2 0.04 -0.04 0.06 1.40377e-23 -0.707107 8.65956e-17 0.707107
40 5.896080614896729e-05 0.04 0.1 0.2 -0.04 -0.04 -0.06 -1.62102e-23 0.707107 -1.62102e-23 0.707107
40 1.309217134932983e-05 0.04 0.1 0.2 0.04 0.04 -0.06 0.707107 -4.32978e-17 -0.707107 4.32978e-17
40 -9.004023048857918e-06 0.04 0.1 0.2 -0.04 0.04 0.08 0.707107 -4.32978e-17 0.707107 -4.32978e-17
40 -2.83259840637845e-05 0.04 0.1 0.2 0.04 -0.04 0.08 1.40377e-23 -0.707107 8.65956e-17 0.707107
40 -3.02540766394209e-05 0.04 0.1 0.2 -0.04 -0.04 -0.08 -1.62102e-23 0.707107 -1.62102e-23 0.707107
40 -4.938284455836828e-06 0.04 0.1 0.2 0.04 0.04 -0.08 0.707107 -4.32978e-17 -0.707107 4.32978e-17
40 -15019363.96140071 0.04 0.1 0.2 -0.02 0.07000000000000001 -0.02 0.415627 0.572061 -0.572061 0.415629
40 -49198435.94275071 0.04 0.1 0.2 0.02 -0.07000000000000001 -0.02 -0.572061 0.415627 0.415629 0.572061
40 -93199391.95940198 0.04 0.1 0.2 -0.02 -0.07000000000000001 0.02 0.415629 0.572061 0.572061 -0.415627
40 -49212990.75928552 0.04 0.1 0.2 0.02 0.07000000000000001 0.02 0.572061 -0.415629 0.415627 0.572061
40 42663629.41488329 0.04 0.1 0.2 -0.02 0.07000000000000001 6.93889e-18 0.415627 0.572061 -0.572061 0.415629
40 -43281215.99229545 0.04 0.1 0.2 0.02 -0.07000000000000001 6.93889e-18 -0.572061 0.415627 0.415629 0.572061
40 9161468.504997725 0.04 0.1 0.2 -0.02 -0.07000000000000001 1.63364e-18 0.415629 0.572061 0.572061 -0.415627
40 -43255769.54498832 0.04 0.1 0.2 0.02 0.07000000000000001 -4.4896e-18 0.572061 -0.415629 0.415627 0.572061
40 -149025.7409518431 0.04 0.1 0.2 -0.02 -0.07000000000000001 0.06 -0.572061 -0.415627 -0.415627 0.572062
40 -635312.80961024 0.04 0.1 0.2 0.02 0.07000000000000001 0.06 0.415627 -0.572061 0.572062 0.415627
40 -2583695.834822474 0.04 0.1 0.2 -0.02 0.07000000000000001 -0.06 0.572062 0.415627 -0.415627 0.572061
40 -635054.5852659668 0.04 0.1 0.2 0.02 -0.07000000000000001 -0.06 -0.415627 0.572062 0.572061 0.415627
40 5283368.598056364 0.04 0.1 0.2 -0.02 0.07000000000000001 0.08 0.218508 0.672499 -0.672499 0.218502
40 3346075.738162836 0.04 0.1 0.2 0.02 -0.07000000000000001 0.08 -0.672499 0.218508 0.218502 0.672499
40 310237.408038206 0.04 0.1 0.2 -0.02 -0.07000000000000001 -0.08 0.218502 0.672499 0.672499 -0.218508
40 3346127.767196817 0.04 0.1 0.2 0.02 0.07000000000000001 -0.08 0.672499 -0.218502 0.218508 0.672499
40 11704300.19784926 0.04 0.1 0.2 -0.02 0.07000000000000001 0.08 0.415627 0.572061 -0.572061 0.415629
40 -109413104.0313137 0.04 0.1 0.2 0.02 -0.07000000000000001 0.08 -0.572061 0.415627 0.415629 0.572061
40 -110134818.7671481 0.04 0.1 0.2 -0.02 -0.07000000000000001 -0.08 0.415629 0.572061 0.572061 -0.415627
40 -109404688.1732428 0.04 0.1 0.2 0.02 0.07000000000000001 -0.08 0.572061 -0.415629 0.415627 0.572061
40 -35499249.12495956 0.04 0.1 0.2 -0.02 -0.07000000000000001 0.08 -0.415627 -0.572061 -0.572061 0.415629
40 -272627840.1374012 0.04 0.1 0.2 0.02 0.07000000000000001 0.08 0.572061 -0.415627 0.415629 0.572061
40 -269371213.0535721 0.04 0.1 0.2 -0.02 0.07000000000000001 -0.08 0.415629 0.572061 -0.572061 0.415627
40 -272635198.1212828 0.04 0.1 0.2 0.02 -0.07000000000000001 -0.08 -0.572061 0.415629 0.415627 0.572061
40 85692.00532746082 0.04 0.1 0.2 -0.02 -0.07000000000000001 0.08 -0.572061 -0.415627 -0.415627 0.572062
40 1581778.997079703 0.04 0.1 0.2 0.02 0.07000000000000001 0.08 0.415627 -0.572061 0.572062 0.415627
40 1039986.872638464 0.04 0.1 0.2 -0.02 0.07000000000000001 -0.08 0.572062 0.415627 -0.415627 0.572061
40 1582148.981442459 0.04 0.1 0.2 0.02 -0.07000000000000001 -0.08 -0.415627 0.572062 0.572061 0.415627
40 -1237.896611799071 0.04 0.1 0.2 -0.02 -0.07000000000000001 0.08 -0.672499 -0.218508 -0.218508 0.672498
40 0.1432462148768382 0.04 0.1 0.2 0.02 0.07000000000000001 0.08 -0.218508 0.672499 -0.672498 -0.218508
40 31601.50429051931 0.04 0.1 0.2 -0.02 0.07000000000000001 -0.08 0.672498 0.218508 -0.218508 0.672499
40 6995.896871274954 0.04 0.1 0.2 0.02 -0.07000000000000001 -0.08 -0.218508 0.672498 0.672499 0.218508
40 -30612.29287733268 0.04 0.1 0.2 -0.02 -0.07000000000000001 0.08 -0.707107 0 0 0.707106
40 -44871.20169900896 0.04 0.1 0.2 0.02 0.07000000000000001 0.08 -4.32978e-17 0.707107 -0.707106 4.32977e-17
40 -30036.0743784986 0.04 0.1 0.2 -0.02 0.07000000000000001 -0.08 0.707106 0 0 0.707107
40 -3345.30673898884 0.04 0.1 0.2 0.02 -0.07000000000000001 -0.08 -4.32978e-17 0.707106 0.707107 4.32977e-17
40 -117817267.6976281 0.04 0.1 0.2 -0.016 0.07000000000000001 -0.02 0.415627 0.572061 -0.572061 0.415629
40 21351270.55293334 0.04 0.1 0.2 0.016 -0.07000000000000001 -0.02 -0.572061 0.415627 0.415629 0.572061
40 81003074.9872494 0.04 0.1 0.2 -0.016 -0.07000000000000001 0.02 0.415629 0.572061 0.572061 -0.415627
40 21345883.1375062 0.04 0.1 0.2 0.016 0.07000000000000001 0.02 0.572061 -0.415629 0.415627 0.572061
40 -115699749.9057343 0.04 0.1 0.2 -0.016 0.07000000000000001 6.93889e-18 0.415627 0.572061 -0.572061 0.415629
40 -49136650.61636745 0.04 0.1 0.2 0.016 -0.07000000000000001 6.93889e-18 -0.572061 0.415627 0.415629 0.572061
40 -17911063.02866903 0.04 0.1 0.2 -0.016 -0.07000000000000001 1.63364e-18 0.415629 0.572061 0.572061 -0.415627
40 -49145760.51812605 0.04 0.1 0.2 0.016 0.07000000000000001 -4.97946e-18 0.572061 -0.415629 0.415627 0.572061
40 -234688876.6972931 0.04 0.1 0.2 -0.016 -0.07000000000000001 6.93889e-18 -0.415627 -0.572061 -0.572061 0.415629
40 -407648845.7833852 0.04 0.1 0.2 0.016 0.07000000000000001 6.93889e-18 0.572061 -0.415627 0.415629 0.572061
40 -508265884.0757094 0.04 0.1 0.2 -0.016 0.07000000000000001 -1.55114e-17 0.415629 0.572061 -0.572061 0.415627
40 -407654078.2127433 0.04 0.1 0.2 0.016 -0.07000000000000001 -4.97946e-18 -0.572061 0.415629 0.415627 0.572061
40 445637.164290563 0.04 0.1 0.2 -0.016 -0.07000000000000001 0.06 -0.572061 -0.415627 -0.415627 0.572062
40 -177107.4497574618 0.04 0.1 0.2 0.016 0.07000000000000001 0.06 0.415627 -0.572061 0.572062 0.415627
40 -2228528.763326324 0.04 0.1 0.2 -0.016 0.07000000000000001 -0.06 0.572062 0.415627 -0.415627 0.572061
40 -177053.886120792 0.04 0.1 0.2 0.016 -0.07000000000000001 -0.06 -0.415627 0.572062 0.572061 0.415627
40 -23750240.51980676 0.04 0.1 0.2 -0.016 0.07000000000000001 0.08 0.415627 0.572061 -0.572061 0.415629
40 -58572954.78599945 0.04 0.1 0.2 0.016 -0.07000000000000001 0.08 -0.572061 0.415627 0.415629 0.572061
40 -59362322.15925895 0.04 0.1 0.2 -0.016 -0.07000000000000001 -0.08 0.415629 0.572061 0.572061 -0.415627
40 -58565291.08727232 0.04 0.1 0.2 0.016 0.07000000000000001 -0.08 0.572061 -0.415629 0.415627 0.572061
40 6224981.985595754 0.04 0.1 0.2 -0.016 -0.07000000000000001 0.08 -0.415627 -0.572061 -0.572061 0.415629
40 -99170132.57330653 0.04 0.1 0.2 0.016 0.07000000000000001 0.08 0.572061 -0.415627 0.415629 0.572061
40 -79014287.24589074 0.04 0.1 0.2 -0.016 0.07000000000000001 -0.08 0.415629 0.572061 -0.572061 0.415627
40 -99157828.82103154 0.04 0.1 0.2 0.016 -0.07000000000000001 -0.08 -0.572061 0.415629 0.415627 0.572061
40 -173580.1446398301 0.04 0.1 0.2 -0.016 -0.07000000000000001 0.08 -0.572061 -0.415627 -0.415627 0.572062
40 1043322.574434143 0.04 0.1 0.2 0.016 0.07000000000000001 0.08 0.415627 -0.572061 0.572062 0.415627
40 802086.0880881166 0.04 0.1 0.2 -0.016 0.07000000000000001 -0.08 0.572062 0.415627 -0.415627 0.572061
40 1043632.553424921 0.04 0.1 0.2 0.016 -0.07000000000000001 -0.08 -0.415627 0.572062 0.572061 0.415627
40 -1172.48242033672 0.04 0.1 0.2 -0.016 -0.07000000000000001 0.08 -0.672499 -0.218508 -0.218508 0.672498
40 0.01458580915233082 0.04 0.1 0.2 0.016 0.07000000000000001 0.08 -0.218508 0.672499 -0.672498 -0.218508
40 26884.29649472755 0.04 0.1 0.2 -0.016 0.07000000000000001 -0.08 0.672498 0.218508 -0.218508 0.672499
40 -6876.199651500259 0.04 0.1 0.2 0.016 -0.07000000000000001 -0.08 -0.218508 0.672498 0.672499 0.218508
40 -301662694.1100801 0.04 0.1 0.2 -0.012 0.07000000000000001 -0.02 0.415627 0.572061 -0.572061 0.415629
40 -236695225.9509754 0.04 0.1 0.2 0.012 -0.07000000000000001 -0.02 -0.572061 0.415627 0.415629 0.572061
40 -178642193.5392323 0.04 0.1 0.2 -0.012 -0.07000000000000001 0.02 0.415629 0.572061 0.572061 -0.415627
40 -236695129.8626579 0.04 0.1 0.2 0.012 0.07000000000000001 0.02 0.572061 -0.415629 0.415627 0.572061
40 -442314.7895324538 0.04 0.1 0.2 -0.012 -0.07000000000000001 0.06 -0.572061 -0.415627 -0.415627 0.572062
40 -1574018.988878259 0.04 0.1 0.2 0.012 0.07000000000000001 0.06 0.415627 -0.572061 0.572062 0.415627
40 -2970752.249488799 0.04 0.1 0.2 -0.012 0.07000000000000001 -0.06 0.572062 0.415627 -0.415627 0.572061
40 -1573445.519005327 0.04 0.1 0.2 0.012 -0.07000000000000001 -0.06 -0.415627 0.572062 0.572061 0.415627
40 4532121.825506312 0.04 0.1 0.2 -0.012 0.07000000000000001 0.08 0.415627 0.572061 -0.572061 0.415629
40 -108122281.7165374 0.04 0.1 0.2 0.012 -0.07000000000000001 0.08 -0.572061 0.415627 0.415629 0.572061
40 -94415802.39592952 0.04 0.1 0.2 -0.012 -0.07000000000000001 -0.08 0.415629 0.572061 0.572061 -0.415627
40 -108135106.9445649 0.04 0.1 0.2 0.012 0.07000000000000001 -0.08 0.572061 -0.415629 0.415627 0.572061
40 89450574.91507943 0.04 0.1 0.2 -0.012 -0.07000000000000001 0.08 -0.415627 -0.572061 -0.572061 0.415629
40 -71185218.77599519 0.04 0.1 0.2 0.012 0.07000000000000001 0.08 0.572061 -0.415627 0.415629 0.572061
40 -98437920.40069143 0.04 0.1 0.2 -0.012 0.07000000000000001 -0.08 0.415629 0.572061 -0.572061 0.415627
40 -71185866.22916695 0.04 0.1 0.2 0.012 -0.07000000000000001 -0.08 -0.572061 0.415629 0.415627 0.572061
40 8009.037128338383 0.04 0.1 0.2 -0.012 -0.07000000000000001 0.08 -0.572061 -0.415627 -0.415627 0.572062
40 998182.0267698091 0.04 0.1 0.2 0.012 0.07000000000000001 0.08 0.415627 -0.572061 0.572062 0.415627
40 833361.1996103586 0.04 0.1 0.2 -0.012 0.07000000000000001 -0.08 0.572062 0.415627 -0.415627 0.572061
40 998276.1412639801 0.04 0.1 0.2 0.012 -0.07000000000000001 -0.08 -0.415627 0.572062 0.572061 0.415627
40 -1106.334259110408 0.04 0.1 0.2 -0.012 -0.07000000000000001 0.08 -0.672499 -0.218508 -0.218508 0.672498
40 -0.008322862495421874 0.04 0.1 0.2 0.012 0.07000000000000001 0.08 -0.218508 0.672499 -0.672498 -0.218508
40 22107.27388209795 0.04 0.1 0.2 -0.012 0.07000000000000001 -0.08 0.672498 0.218508 -0.218508 0.672499
40 -21016.07189088664 0.04 0.1 0.2 0.012 -0.07000000000000001 -0.08 -0.218508 0.672498 0.672499 0.218508
40 -104553576.6848436 0.04 0.1 0.2 -0.008 0.07000000000000001 -0.02 0.415627 0.572061 -0.572061 0.415629
40 -113478314.6462402 0.04 0.1 0.2 0.008 -0.07000000000000001 -0.02 -0.572061 0.415627 0.415629 0.572061
40 -67930884.39343704 0.04 0.1 0.2 -0.008 -0.07000000000000001 0.02 0.415629 0.572061 0.572061 -0.415627
40 -113486159.0130543 0.04 0.1 0.2 0.008 0.07000000000000001 0.02 0.572061 -0.415629 0.415627 0.572061
40 142866.1635593693 0.04 0.1 0.2 -0.008 0.07000000000000001 6.93889e-18 0.415627 0.572061 -0.572061 0.415629
40 -155034304.8696022 0.04 0.1 0.2 0.008 -0.07000000000000001 6.93889e-18 -0.572061 0.415627 0.415629 0.572061
40 -251313739.3450714 0.04 0.1 0.2 -0.008 -0.07000000000000001 1.63364e-18 0.415629 0.572061 0.572061 -0.415627
40 -155024379.8946918 0.04 0.1 0.2 0.008 0.07000000000000001 -5.95917e-18 0.572061 -0.415629 0.415627 0.572061
40 146923.2280453825 0.04 0.1 0.2 -0.008 -0.07000000000000001 0.06 -0.572061 -0.415627 -0.415627 0.572062
40 -1116648.198390173 0.04 0.1 0.2 0.008 0.07000000000000001 0.06 0.415627 -0.572061 0.572062 0.415627
40 -2613899.008838035 0.04 0.1 0.2 -0.008 0.07000000000000001 -0.06 0.572062 0.415627 -0.415627 0.572061
40 -1116135.617136782 0.04 0.1 0.2 0.008 -0.07000000000000001 -0.06 -0.415627 0.572062 0.572061 0.415627
40 -3259288.91823088 0.04 0.1 0.2 -0.008 0.07000000000000001 0.08 0.415627 0.572061 -0.572061 0.415629
40 -87353215.03550075 0.04 0.1 0.2 0.008 -0.07000000000000001 0.08 -0.572061 0.415627 0.415629 0.572061
40 -87249007.5213306 0.04 0.1 0.2 -0.008 -0.07000000000000001 -0.08 0.415629 0.572061 0.572061 -0.415627
40 -87349777.67431428 0.04 0.1 0.2 0.008 0.07000000000000001 -0.08 0.572061 -0.415629 0.415627 0.572061
40 -60312218.20330064 0.04 0.1 0.2 -0.008 -0.07000000000000001 0.08 -0.415627 -0.572061 -0.572061 0.415629
40 -266000220.8294103 0.04 0.1 0.2 0.008 0.07000000000000001 0.08 0.572061 -0.415627 0.415629 0.572061
40 -250871750.62845 0.04 0.1 0.2 -0.008 0.07000000000000001 -0.08 0.415629 0.572061 -0.572061 0.415627
40 -266005711.7598256 0.04 0.1 0.2 0.008 -0.07000000000000001 -0.08 -0.572061 0.415629 0.415627 0.572061
40 160452.8821902764 0.04 0.1 0.2 -0.008 -0.07000000000000001 0.08 -0.572061 -0.415627 -0.415627 0.572062
40 917926.5965023205 0.04 0.1 0.2 0.008 0.07000000000000001 0.08 0.415627 -0.572061 0.572062 0.415627
40 845462.317466937 0.04 0.1 0.2 -0.008 0.07000000000000001 -0.08 0.572062 0.415627 -0.415627 0.572061
40 918492.6099729631 0.04 0.1 0.2 0.008 -0.07000000000000001 -0.08 -0.415627 0.572062 0.572061 0.415627
40 -81339.76464599383 0.04 0.1 0.2 -0.004 -0.07000000000000001 0.08 -0.572061 -0.415627 -0.415627 0.572062
40 395883.6706939836 0.04 0.1 0.2 0.004 0.07000000000000001 0.08 0.415627 -0.572061 0.572062 0.415627
40 616432.5511492124 0.04 0.1 0.2 -0.004 0.07000000000000001 -0.08 0.572062 0.415627 -0.415627 0.572061
40 396223.6241084682 0.04 0.1 0.2 0.004 -0.07000000000000001 -0.08 -0.415627 0.572062 0.572061 0.415627
40 -579583.3571846273 0.04 0.1 0.2 0.004 0.07000000000000001 0.08 0.415627 -0.572061 0.572061 0.415629
40 -81565.96689859597 0.04 0.1 0.2 -0.004 -0.07000000000000001 0.08 -0.572061 -0.415627 -0.415629 0.572061
40 -579942.9551254628 0.04 0.1 0.2 0.004 -0.07000000000000001 -0.08 -0.415629 0.572061 0.572061 0.415627
40 -715556.2116852407 0.04 0.1 0.2 -0.004 0.07000000000000001 -0.08 0.572061 0.415629 -0.415627 0.572061
40 -253717227.3531907 0.04 0.1 0.2 0.008 -0.07000000000000001 -0.02 -0.572061 0.415627 0.415627 0.572062
40 -24939168.53956447 0.04 0.1 0.2 -0.008 0.07000000000000001 -0.02 -0.415627 -0.572061 0.572062 -0.415627
40 -253708273.9227298 0.04 0.1 0.2 0.008 0.07000000000000001 0.02 0.572062 -0.415627 0.415627 0.572061
40 -202674190.5007575 0.04 0.1 0.2 -0.008 -0.07000000000000001 0.02 0.415627 0.572062 0.572061 -0.415627
40 1488021.575416527 0.04 0.1 0.2 0.008 0.07000000000000001 0.06 0.415627 -0.572061 0.572061 0.415629
40 146490.6012174216 0.04 0.1 0.2 -0.008 -0.07000000000000001 0.06 -0.572061 -0.415627 -0.415629 0.572061
40 1487520.873402611 0.04 0.1 0.2 0.008 -0.07000000000000001 -0.06 -0.415629 0.572061 0.572061 0.415627
40 2831748.208507302 0.04 0.1 0.2 -0.008 0.07000000000000001 -0.06 0.572061 0.415629 -0.415627 0.572061
40 110312115.0098718 0.04 0.1 0.2 0.008 -0.07000000000000001 0.06 -0.572061 0.415627 0.415627 0.572062
40 158092381.1971161 0.04 0.1 0.2 -0.008 0.07000000000000001 0.06 -0.415627 -0.572061 0.572062 -0.415627
40 110315784.2412946 0.04 0.1 0.2 0.008 0.07000000000000001 -0.06 0.572062 -0.415627 0.415627 0.572061
40 83744582.84442748 0.04 0.1 0.2 -0.008 -0.07000000000000001 -0.06 0.415627 0.572062 0.572061 -0.415627
40 82975573.55039401 0.04 0.1 0.2 0.008 0.07000000000000001 0.08 0.572061 -0.415627 0.415627 0.572062
40 -123820017.8370205 0.04 0.1 0.2 -0.008 -0.07000000000000001 0.08 0.415627 0.572061 0.572062 -0.415627
40 82984544.64842583 0.04 0.1 0.2 0.008 -0.07000000000000001 -0.08 -0.572062 0.415627 0.415627 0.572061
40 90822683.51958407 0.04 0.1 0.2 -0.008 0.07000000000000001 -0.08 0.415627 0.572062 -0.572061 0.415627
40 -558227.9196459247 0.04 0.1 0.2 0.008 0.07000000000000001 0.08 0.415627 -0.572061 0.572061 0.415629
40 160888.9794983218 0.04 0.1 0.2 -0.008 -0.07000000000000001 0.08 -0.572061 -0.415627 -0.415629 0.572061
40 -558736.0861303442 0.04 0.1 0.2 0.008 -0.07000000000000001 -0.08 -0.415629 0.572061 0.572061 0.415627
40 -649779.981394486 0.04 0.1 0.2 -0.008 0.07000000000000001 -0.08 0.572061 0.415629 -0.415627 0.572061
40 82557413.76987097 0.04 0.1 0.2 0.008 -0.07000000000000001 0.08 -0.572061 0.415627 0.415627 0.572062
40 -15487484.05295001 0.04 0.1 0.2 -0.008 0.07000000000000001 0.08 -0.415627 -0.572061 0.572062 -0.415627
40 82550195.06208384 0.04 0.1 0.2 0.008 0.07000000000000001 -0.08 0.572062 -0.415627 0.415627 0.572061
40 77700693.96719298 0.04 0.1 0.2 -0.008 -0.07000000000000001 -0.08 0.415627 0.572062 0.572061 -0.415627
40 -370147655.568561 0.04 0.1 0.2 0.012 -0.07000000000000001 -0.02 -0.572061 0.415627 0.415627 0.572062
40 -111187497.8730753 0.04 0.1 0.2 -0.012 0.07000000000000001 -0.02 -0.415627 -0.572061 0.572062 -0.415627
40 -370160627.3822358 0.04 0.1 0.2 0.012 0.07000000000000001 0.02 0.572062 -0.415627 0.415627 0.572061
40 -306061876.2408119 0.04 0.1 0.2 -0.012 -0.07000000000000001 0.02 0.415627 0.572062 0.572061 -0.415627
40 -598344499.9469941 0.04 0.1 0.2 0.012 0.07000000000000001 0.06 0.572061 -0.415627 0.415627 0.572062
40 -272586060.5397088 0.04 0.1 0.2 -0.012 -0.07000000000000001 0.06 0.415627 0.572061 0.572062 -0.415627
40 -598356904.9102967 0.04 0.1 0.2 0.012 -0.07000000000000001 -0.06 -0.572062 0.415627 0.415627 0.572061
40 -569014365.8560817 0.04 0.1 0.2 -0.012 0.07000000000000001 -0.06 0.415627 0.572062 -0.572061 0.415627
40 464043.6069019152 0.04 0.1 0.2 0.012 0.07000000000000001 0.06 0.415627 -0.572061 0.572061 0.415629
40 -442582.1055113908 0.04 0.1 0.2 -0.012 -0.07000000000000001 0.06 -0.572061 -0.415627 -0.415629 0.572061
40 463434.7215002474 0.04 0.1 0.2 0.012 -0.07000000000000001 -0.06 -0.415629 0.572061 0.572061 0.415627
40 2314875.27262706 0.04 0.1 0.2 -0.012 0.07000000000000001 -0.06 0.572061 0.415629 -0.415627 0.572061
40 -107062692.6326956 0.04 0.1 0.2 0.012 -0.07000000000000001 0.06 -0.572061 0.415627 0.415627 0.572062
40 -264054853.5038523 0.04 0.1 0.2 -0.012 0.07000000000000001 0.06 -0.415627 -0.572061 0.572062 -0.415627
40 -107051285.5893669 0.04 0.1 0.2 0.012 0.07000000000000001 -0.06 0.572062 -0.415627 0.415627 0.572061
40 -113412820.7771505 0.04 0.1 0.2 -0.012 -0.07000000000000001 -0.06 0.415627 0.572062 0.572061 -0.415627
40 281432509.8708116 0.04 0.1 0.2 0.012 0.07000000000000001 0.08 0.572061 -0.415627 0.415627 0.572062
40 103774035.3569605 0.04 0.1 0.2 -0.012 -0.07000000000000001 0.08 0.415627 0.572061 0.572062 -0.415627
40 281416549.8943468 0.04 0.1 0.2 0.012 -0.07000000000000001 -0.08 -0.572062 0.415627 0.415627 0.572061
40 246550957.2932402 0.04 0.1 0.2 -0.012 0.07000000000000001 -0.08 0.415627 0.572062 -0.572061 0.415627
40 -979265.4072482089 0.04 0.1 0.2 0.012 0.07000000000000001 0.08 0.415627 -0.572061 0.572061 0.415629
40 8512.601587099198 0.04 0.1 0.2 -0.012 -0.07000000000000001 0.08 -0.572061 -0.415627 -0.415629 0.572061
40 -979415.5350112102 0.04 0.1 0.2 0.012 -0.07000000000000001 -0.08 -0.415629 0.572061 0.572061 0.415627
40 -823547.7798058104 0.04 0.1 0.2 -0.012 0.07000000000000001 -0.08 0.572061 0.415629 -0.415627 0.572061
40 -27.83987339126455 0.04 0.1 0.2 0.012 0.07000000000000001 0.08 0.218508 -0.672499 0.672499 0.218502
40 1106.091603725503 0.04 0.1 0.2 -0.012 -0.07000000000000001 0.08 -0.672499 -0.218508 -0.218502 0.672499
40 20988.21028699975 0.04 0.1 0.2 0.012 -0.07000000000000001 -0.08 -0.218502 0.672499 0.672499 0.218508
40 -22114.47607067227 0.04 0.1 0.2 -0.012 0.07000000000000001 -0.08 0.672499 0.218502 -0.218508 0.672499
40 69404495.30523485 0.04 0.1 0.2 0.012 -0.07000000000000001 0.08 -0.572061 0.415627 0.415627 0.572062
40 -43600630.01221832 0.04 0.1 0.2 -0.012 0.07000000000000001 0.08 -0.415627 -0.572061 0.572062 -0.415627
40 69420480.62840803 0.04 0.1 0.2 0.012 0.07000000000000001 -0.08 0.572062 -0.415627 0.415627 0.572061
40 78612093.18161078 0.04 0.1 0.2 -0.012 -0.07000000000000001 -0.08 0.415627 0.572062 0.572061 -0.415627
40 -105174893.333502 0.04 0.1 0.2 0.016 -0.07000000000000001 -0.02 -0.572061 0.415627 0.415627 0.572062
40 290439369.9036817 0.04 0.1 0.2 -0.016 0.07000000000000001 -0.02 -0.415627 -0.572061 0.572062 -0.415627
40 -105164837.4210251 0.04 0.1 0.2 0.016 0.07000000000000001 0.02 0.572062 -0.415627 0.415627 0.572061
40 -38923137.24085635 0.04 0.1 0.2 -0.016 -0.07000000000000001 0.02 0.415627 0.572062 0.572061 -0.415627
40 1290703.563816316 0.04 0.1 0.2 0.016 0.07000000000000001 0.06 0.415627 -0.572061 0.572061 0.415629
40 445060.052328681 0.04 0.1 0.2 -0.016 -0.07000000000000001 0.06 -0.572061 -0.415627 -0.415629 0.572061
40 1290685.27659702 0.04 0.1 0.2 0.016 -0.07000000000000001 -0.06 -0.415629 0.572061 0.572061 0.415627
40 2889751.330308259 0.04 0.1 0.2 -0.016 0.07000000000000001 -0.06 0.572061 0.415629 -0.415627 0.572061
40 -115928441.4973992 0.04 0.1 0.2 0.016 -0.07000000000000001 0.06 -0.572061 0.415627 0.415627 0.572062
40 27617107.00393125 0.04 0.1 0.2 -0.016 0.07000000000000001 0.06 -0.415627 -0.572061 0.572062 -0.415627
40 -115950943.4898619 0.04 0.1 0.2 0.016 0.07000000000000001 -0.06 0.572062 -0.415627 0.415627 0.572061
40 -130624926.8180911 0.04 0.1 0.2 -0.016 -0.07000000000000001 -0.06 0.415627 0.572062 0.572061 -0.415627
40 256618728.6030263 0.04 0.1 0.2 0.016 0.07000000000000001 0.08 0.572061 -0.415627 0.415627 0.572062
40 170323099.3585563 0.04 0.1 0.2 -0.016 -0.07000000000000001 0.08 0.415627 0.572061 0.572062 -0.415627
40 256627259.9082585 0.04 0.1 0.2 0.016 -0.07000000000000001 -0.08 -0.572062 0.415627 0.415627 0.572061
40 268823317.7314374 0.04 0.1 0.2 -0.016 0.07000000000000001 -0.08 0.415627 0.572062 -0.572061 0.415627
40 -1431999.543660372 0.04 0.1 0.2 0.016 0.07000000000000001 0.08 0.415627 -0.572061 0.572061 0.415629
40 -173148.5488422894 0.04 0.1 0.2 -0.016 -0.07000000000000001 0.08 -0.572061 -0.415627 -0.415629 0.572061
40 -1432292.458868486 0.04 0.1 0.2 0.016 -0.07000000000000001 -0.08 -0.415629 0.572061 0.572061 0.415627
40 -1014676.664548776 0.04 0.1 0.2 -0.016 0.07000000000000001 -0.08 0.572061 0.415629 -0.415627 0.572061
40 32.57038925368041 0.04 0.1 0.2 0.016 0.07000000000000001 0.08 0.218508 -0.672499 0.672499 0.218502
40 1172.963747112411 0.04 0.1 0.2 -0.016 -0.07000000000000001 0.08 -0.672499 -0.218508 -0.218502 0.672499
40 6908.804941283644 0.04 0.1 0.2 0.016 -0.07000000000000001 -0.08 -0.218502 0.672499 0.672499 0.218508
40 -26873.36741021203 0.04 0.1 0.2 -0.016 0.07000000000000001 -0.08 0.672499 0.218502 -0.218508 0.672499
40 126365485.2335126 0.04 0.1 0.2 0.016 -0.07000000000000001 0.08 -0.572061 0.415627 0.415627 0.572062
40 139089154.5911751 0.04 0.1 0.2 -0.016 0.07000000000000001 0.08 -0.415627 -0.572061 0.572062 -0.415627
40 126370803.6472309 0.04 0.1 0.2 0.016 0.07000000000000001 -0.08 0.572062 -0.415627 0.415627 0.572061
40 121540429.7518859 0.04 0.1 0.2 -0.016 -0.07000000000000001 -0.08 0.415627 0.572062 0.572061 -0.415627
40 -168638939.2626421 0.04 0.1 0.2 0.02 -0.07000000000000001 -0.02 -0.572061 0.415627 0.415627 0.572062
40 -154608377.2737825 0.04 0.1 0.2 -0.02 0.07000000000000001 -0.02 -0.415627 -0.572061 0.572062 -0.415627
40 -168644228.6722958 0.04 0.1 0.2 0.02 0.07000000000000001 0.02 0.572062 -0.415627 0.415627 0.572061
40 -205474481.8694557 0.04 0.1 0.2 -0.02 -0.07000000000000001 0.02 0.415627 0.572062 0.572061 -0.415627
40 260894.3003877023 0.04 0.1 0.2 0.02 0.07000000000000001 0.06 0.415627 -0.572061 0.572061 0.415629
40 -150195.9238655734 0.04 0.1 0.2 -0.02 -0.07000000000000001 0.06 -0.572061 -0.415627 -0.415629 0.572061
40 260624.3215000834 0.04 0.1 0.2 0.02 -0.07000000000000001 -0.06 -0.415629 0.572061 0.572061 0.415627
40 2361374.500881994 0.04 0.1 0.2 -0.02 0.07000000000000001 -0.06 0.572061 0.415629 -0.415627 0.572061
40 -402740583.2032995 0.04 0.1 0.2 0.02 -0.07000000000000001 0.06 -0.572061 0.415627 0.415627 0.572062
40 78335733.29213083 0.04 0.1 0.2 -0.02 0.07000000000000001 0.06 -0.415627 -0.572061 0.572062 -0.415627
40 -402710081.9448209 0.04 0.1 0.2 0.02 0.07000000000000001 -0.06 0.572062 -0.415627 0.415627 0.572061
40 -393092145.8538288 0.04 0.1 0.2 -0.02 -0.07000000000000001 -0.06 0.415627 0.572062 0.572061 -0.415627
40 44863.81381047572 0.04 0.1 0.2 0.02 0.07000000000000001 0.08 -8.65956e-17 0.707107 -0.707107 4.32978e-17
40 30607.38897542349 0.04 0.1 0.2 -0.02 -0.07000000000000001 0.08 -0.707107 -1.29893e-16 8.65956e-17 0.707107
40 3344.78469889881 0.04 0.1 0.2 0.02 -0.07000000000000001 -0.08 4.32978e-17 0.707107 0.707107 8.65956e-17
40 30031.27690348465 0.04 0.1 0.2 -0.02 0.07000000000000001 -0.08 0.707107 -8.65956e-17 -4.32978e-17 0.707107
40 85881165.43545692 0.04 0.1 0.2 0.02 0.07000000000000001 0.08 0.572061 -0.415627 0.415627 0.572062
40 -142968795.1522422 0.04 0.1 0.2 -0.02 -0.07000000000000001 0.08 0.415627 0.572061 0.572062 -0.415627
40 85878202.10685608 0.04 0.1 0.2 0.02 -0.07000000000000001 -0.08 -0.572062 0.415627 0.415627 0.572061
40 80889207.87280966 0.04 0.1 0.2 -0.02 0.07000000000000001 -0.08 0.415627 0.572062 -0.572061 0.415627
40 -1388597.643275554 0.04 0.1 0.2 0.02 0.07000000000000001 0.08 0.415627 -0.572061 0.572061 0.415629
40 86085.43845316631 0.04 0.1 0.2 -0.02 -0.07000000000000001 0.08 -0.572061 -0.415627 -0.415629 0.572061
40 -1388966.825171223 0.04 0.1 0.2 0.02 -0.07000000000000001 -0.08 -0.415629 0.572061 0.572061 0.415627
40 -934572.8837003063 0.04 0.1 0.2 -0.02 0.07000000000000001 -0.08 0.572061 0.415629 -0.415627 0.572061
40 -5.654028619775134 0.04 0.1 0.2 0.02 0.07000000000000001 0.08 0.218508 -0.672499 0.672499 0.218502
40 1237.756486411147 0.04 0.1 0.2 -0.02 -0.07000000000000001 0.08 -0.672499 -0.218508 -0.218502 0.672499
40 -7001.556777231257 0.04 0.1 0.2 0.02 -0.07000000000000001 -0.08 -0.218502 0.672499 0.672499 0.218508
40 -31601.43311257696 0.04 0.1 0.2 -0.02 0.07000000000000001 -0.08 0.672499 0.218502 -0.218508 0.672499
40 -3346174.306357409 0.04 0.1 0.2 0.02 -0.07000000000000001 0.08 -0.672499 0.218508 0.218508 0.672498
40 -5283542.58282942 0.04 0.1 0.2 -0.02 0.07000000000000001 0.08 0.218508 0.672499 -0.672498 0.218508
40 -3346226.340247234 0.04 0.1 0.2 0.02 0.07000000000000001 -0.08 0.672498 -0.218508 0.218508 0.672499
40 -310244.3795657742 0.04 0.1 0.2 -0.02 -0.07000000000000001 -0.08 0.218508 0.672498 0.672499 -0.218508
40 82691371.51053827 0.04 0.1 0.2 0.02 -0.07000000000000001 0.08 -0.572061 0.415627 0.415627 0.572062
40 -80056724.09299865 0.04 0.1 0.2 -0.02 0.07000000000000001 0.08 -0.415627 -0.572061 0.572062 -0.415627
40 82673021.74759546 0.04 0.1 0.2 0.02 0.07000000000000001 -0.08 0.572062 -0.415627 0.415627 0.572061
40 78407315.3221806 0.04 0.1 0.2 -0.02 -0.07000000000000001 -0.08 0.415627 0.572062 0.572061 -0.415627
40 13895978.84695309 0.04 0.1 0.2 -0.02 -0.05 0.12 6.12323e-17 1 -6.12323e-17 3.7494e-33
40 13896143.96817428 0.04 0.1 0.2 0.02 0.05 0.12 1 3.99574e-23 -7.498799999999999e-33 -6.12323e-17
40 13896616.6730865 0.04 0.1 0.2 -0.02 0.05 -0.12 7.498799999999999e-33 1.22465e-16 1 -6.12323e-17
40 13896159.44714501 0.04 0.1 0.2 0.02 -0.05 -0.12 6.12323e-17 -6.12323e-17 6.12323e-17 1
40 -6685316.712439149 0.04 0.1 0.2 -0.02 -0.05 0.12 0.309017 0.951057 -5.82354e-17 1.89218e-17
40 -6685978.163517545 0.04 0.1 0.2 0.02 0.05 0.12 0.951057 -0.309017 -1.89218e-17 -5.82354e-17
40 -6722636.483997812 0.04 0.1 0.2 -0.02 0.05 -0.12 3.78436e-17 1.16471e-16 0.951057 -0.309017
40 -6683800.192014679 0.04 0.1 0.2 0.02 -0.05 -0.12 3.93136e-17 -7.71573e-17 0.309017 0.951057
40 -55332455.53977941 0.04 0.1 0.2 -0.02 -0.05 0.12 0.587785 0.809017 -4.9538e-17 3.59915e-17
40 -55204788.95664711 0.04 0.1 0.2 0.02 0.05 0.12 0.809017 -0.587785 -3.59915e-17 -4.9538e-17
40 -55292505.01010483 0.04 0.1 0.2 -0.02 0.05 -0.12 -7.19829e-17 -9.9076e-17 -0.809017 0.587785
